0	1.00000000000000000	0.00000000000000000	0.00000000000000000	-0.00000000000000000	1.00219758530940384	0.00000000000000000	0.00440000000000000027	0.00000000000000000	1.00219758530940428
1	0.999999999999861222	-2.21437451708439426e-15	0.00000000000000000	1.19377706504775194e-14	1.00219758530949399	0.00000000000000000	0.00440000000000000027	62.8318530718000687	1.00219758530963277
2	0.999999999999768852	-4.84811843448618163e-15	0.00000000000000000	7.46169619147973862e-14	1.00219758530955083	0.00000000000000000	0.00440000000000000027	125.663706143600464	1.00219758530978265
3	0.999999999999880651	-7.90947168871625195e-15	0.00000000000000000	1.00476918452052644e-13	1.00219758530944625	0.00000000000000000	0.00440000000000000027	188.495559215399794	1.00219758530956615
4	0.999999999999927058	-1.19609183668600849e-14	0.00000000000000000	2.32691470258838962e-14	1.00219758530937741	0.00000000000000000	0.00440000000000000027	251.327412287200332	1.00219758530945025
5	0.999999999999759859	-1.65024244269673659e-14	0.00000000000000000	-1.26050211934902734e-13	1.00219758530947356	0.00000000000000000	0.00440000000000000027	314.159265359004337	1.00219758530971381
6	0.999999999999434008	-1.87723100952830180e-14	0.00000000000000000	-5.31319779839556361e-14	1.00219758530974778	0.00000000000000000	0.00440000000000000027	376.991118430804534	1.00219758531031511
7	0.999999999999251932	-2.19174721774462178e-14	0.00000000000000000	-5.53268368619352913e-15	1.00219758530987080	0.00000000000000000	0.00440000000000000027	439.822971502606435	1.00219758531062064
8	0.999999999999187206	-2.54310461578199920e-14	0.00000000000000000	8.62244303734271966e-14	1.00219758530988967	0.00000000000000000	0.00440000000000000027	502.654824574404131	1.00219758531070435
9	0.999999999999114708	-2.59826882231806167e-14	0.00000000000000000	1.47400321115487287e-13	1.00219758530988790	0.00000000000000000	0.00440000000000000027	565.486677646202793	1.00219758531077585
10	0.999999999999014455	-2.58700396174593727e-14	0.00000000000000000	1.51898675929129645e-13	1.00219758530989744	0.00000000000000000	0.00440000000000000027	628.318530718003899	1.00219758531088488
11	0.999999999998930633	-2.58152874077488548e-14	0.00000000000000000	1.01008611197439535e-13	1.00219758530989300	0.00000000000000000	0.00440000000000000027	691.150383789806597	1.00219758531096526
12	0.999999999998907541	-2.54013390182938892e-14	0.00000000000000000	3.27992841220314801e-15	1.00219758530991521	0.00000000000000000	0.00440000000000000027	753.982236861606339	1.00219758531101011
13	0.999999999998606559	-2.53512488779250589e-14	0.00000000000000000	-8.05102512435595941e-14	1.00219758531010417	0.00000000000000000	0.00440000000000000027	816.814089933406080	1.00219758531150060
14	0.999999999998581579	-2.48759346455074137e-14	0.00000000000000000	-9.39101227337424405e-14	1.00219758531012348	0.00000000000000000	0.00440000000000000027	879.645943005211279	1.00219758531154479
15	0.999999999998432698	-2.43364356444786267e-14	0.00000000000000000	-3.83150542543342354e-14	1.00219758531023051	0.00000000000000000	0.00440000000000000027	942.477796077012954	1.00219758531180125
16	0.999999999998360201	-2.43407724531685687e-14	0.00000000000000000	2.73531197692022943e-14	1.00219758531028647	0.00000000000000000	0.00440000000000000027	1005.30964914881167	1.00219758531193004
17	0.999999999998396727	-2.40675535057022216e-14	0.00000000000000000	8.41545800059351201e-14	1.00219758531020409	0.00000000000000000	0.00440000000000000027	1068.14150222061107	1.00219758531181102
18	0.999999999998285816	-2.38550498798950628e-14	0.00000000000000000	1.29454606756507218e-13	1.00219758531023628	0.00000000000000000	0.00440000000000000027	1130.97335529241900	1.00219758531195535
19	0.999999999998221645	-2.36633629357996256e-14	0.00000000000000000	5.81756864903582027e-14	1.00219758531022629	0.00000000000000000	0.00440000000000000027	1193.80520836421829	1.00219758531200842
20	0.999999999998106182	-2.34430530543505711e-14	0.00000000000000000	-5.67636215809130817e-14	1.00219758531025871	0.00000000000000000	0.00440000000000000027	1256.63706143601394	1.00219758531215608
21	0.999999999997846722	-2.32609070893730063e-14	0.00000000000000000	-1.36852335019810312e-13	1.00219758531045766	0.00000000000000000	0.00440000000000000027	1319.46891450780618	1.00219758531261438
22	0.999999999997577049	-2.32279473433294470e-14	0.00000000000000000	-1.17855378234388297e-13	1.00219758531065617	0.00000000000000000	0.00440000000000000027	1382.30076757959955	1.00219758531308334
23	0.999999999997448707	-2.31854466181680152e-14	0.00000000000000000	-1.51476053922294795e-14	1.00219758531076431	0.00000000000000000	0.00440000000000000027	1445.13262065140020	1.00219758531332026
24	0.999999999997325251	-2.29035540533217841e-14	0.00000000000000000	1.50343930013785432e-13	1.00219758531083536	0.00000000000000000	0.00440000000000000027	1507.96447372320495	1.00219758531351633
25	0.999999999997246314	-2.31438132547445719e-14	0.00000000000000000	2.02738867360885422e-13	1.00219758531081560	0.00000000000000000	0.00440000000000000027	1570.79632679500855	1.00219758531357672
26	0.999999999997379874	-2.29373811611033318e-14	0.00000000000000000	2.08813001612018212e-13	1.00219758531066017	0.00000000000000000	0.00440000000000000027	1633.62817986681102	1.00219758531328651
27	0.999999999997308486	-2.30791948052644358e-14	0.00000000000000000	6.68332576780894527e-14	1.00219758531064018	0.00000000000000000	0.00440000000000000027	1696.46003293860895	1.00219758531333802
28	0.999999999997169708	-2.30492708253038359e-14	0.00000000000000000	-9.37340483009307945e-14	1.00219758531072056	0.00000000000000000	0.00440000000000000027	1759.29188601041051	1.00219758531355718
29	0.999999999996827871	-2.26390087232353210e-14	0.00000000000000000	-2.22842577723980639e-13	1.00219758531096459	0.00000000000000000	0.00440000000000000027	1822.12373908221298	1.00219758531414271
30	0.999999999996580624	-2.27803886865274308e-14	0.00000000000000000	-1.59452095624401657e-13	1.00219758531119685	0.00000000000000000	0.00440000000000000027	1884.95559215401090	1.00219758531462344
31	0.999999999996460165	-2.25288537825107937e-14	0.00000000000000000	-2.31915181503339340e-14	1.00219758531128122	0.00000000000000000	0.00440000000000000027	1947.78744522581678	1.00219758531482861
32	0.999999999996367239	-2.24382144808910056e-14	0.00000000000000000	2.00761282598271862e-13	1.00219758531130232	0.00000000000000000	0.00440000000000000027	2010.61929829761721	1.00219758531494363
33	0.999999999996435740	-2.23137480714896697e-14	0.00000000000000000	2.42970574215739532e-13	1.00219758531118419	0.00000000000000000	0.00440000000000000027	2073.45115136940467	1.00219758531475645
34	0.999999999996479483	-2.23866064574806956e-14	0.00000000000000000	1.69409625216943027e-13	1.00219758531113090	0.00000000000000000	0.00440000000000000027	2136.28300444118031	1.00219758531466030
35	0.999999999996560751	-2.21281326595601513e-14	0.00000000000000000	4.56813406546352496e-14	1.00219758531102987	0.00000000000000000	0.00440000000000000027	2199.11485751297505	1.00219758531447689
36	0.999999999996349809	-2.18826692877094331e-14	0.00000000000000000	-1.21296202248988294e-13	1.00219758531116909	0.00000000000000000	0.00440000000000000027	2261.94671058477707	1.00219758531482661
37	0.999999999996086797	-2.16562878740944598e-14	0.00000000000000000	-1.09653605639969953e-13	1.00219758531137204	0.00000000000000000	0.00440000000000000027	2324.77856365657999	1.00219758531529335
38	0.999999999995811795	-2.14585293978331038e-14	0.00000000000000000	-1.07143647117479909e-13	1.00219758531156122	0.00000000000000000	0.00440000000000000027	2387.61041672837200	1.00219758531575875
39	0.999999999995729638	-2.13058737319471447e-14	0.00000000000000000	-1.26643487363686802e-14	1.00219758531160763	0.00000000000000000	0.00440000000000000027	2450.44226980019130	1.00219758531588798
40	0.999999999995758171	-2.12338827076941072e-14	0.00000000000000000	1.05389655336018961e-13	1.00219758531157188	0.00000000000000000	0.00440000000000000027	2513.27412287197285	1.00219758531582381
41	0.999999999995650590	-2.11705653008209538e-14	0.00000000000000000	1.37959088597483515e-13	1.00219758531164005	0.00000000000000000	0.00440000000000000027	2576.10597594378305	1.00219758531600012
42	0.999999999995595634	-2.11133194261137191e-14	0.00000000000000000	2.05447638068623206e-13	1.00219758531163139	0.00000000000000000	0.00440000000000000027	2638.93782901559052	1.00219758531604630
43	0.999999999995672573	-2.09472196532889399e-14	0.00000000000000000	2.27044511663665460e-13	1.00219758531147929	0.00000000000000000	0.00440000000000000027	2701.76968208738890	1.00219758531581649
44	0.999999999995697331	-2.09133925455073921e-14	0.00000000000000000	-9.05699126807490984e-15	1.00219758531143466	0.00000000000000000	0.00440000000000000027	2764.60153515920138	1.00219758531574676
45	0.999999999995541677	-2.05929023833206770e-14	0.00000000000000000	-1.17007532135504633e-13	1.00219758531155301	0.00000000000000000	0.00440000000000000027	2827.43338823100157	1.00219758531602121
46	0.999999999995353051	-2.04836148043341382e-14	0.00000000000000000	-2.25616400562067554e-13	1.00219758531170089	0.00000000000000000	0.00440000000000000027	2890.26524130281405	1.00219758531635583
47	0.999999999995130007	-2.04823137617271556e-14	0.00000000000000000	-1.90835194868732572e-13	1.00219758531190717	0.00000000000000000	0.00440000000000000027	2953.09709437460015	1.00219758531678771
48	0.999999999994980016	-2.02771827106928981e-14	0.00000000000000000	-8.38556654669808665e-14	1.00219758531204106	0.00000000000000000	0.00440000000000000027	3015.92894744639671	1.00219758531707170
49	0.999999999994890643	-2.02043243247018722e-14	0.00000000000000000	1.89728441291059369e-13	1.00219758531207637	0.00000000000000000	0.00440000000000000027	3078.76080051821145	1.00219758531719805
50	0.999999999994977573	-2.03256465478030002e-14	0.00000000000000000	3.22951734799126200e-13	1.00219758531197400	0.00000000000000000	0.00440000000000000027	3141.59265359000619	1.00219758531700798
51	0.999999999994943045	-2.03448369262559936e-14	0.00000000000000000	3.72177982876920055e-13	1.00219758531200620	0.00000000000000000	0.00440000000000000027	3204.42450666181048	1.00219758531707526
52	0.999999999995015876	-1.99688356128380207e-14	0.00000000000000000	3.61910154622613334e-13	1.00219758531194980	0.00000000000000000	0.00440000000000000027	3267.25635973360613	1.00219758531694669
53	0.999999999994969468	-1.99965911884536496e-14	0.00000000000000000	3.84307169420949890e-13	1.00219758531192138	0.00000000000000000	0.00440000000000000027	3330.08821280541270	1.00219758531696423
54	0.999999999994985789	-1.98660532468863948e-14	0.00000000000000000	3.84841464251550747e-13	1.00219758531188274	0.00000000000000000	0.00440000000000000027	3392.92006587719970	1.00219758531690983
55	0.999999999995045075	-1.99514883780782526e-14	0.00000000000000000	4.24645561769576574e-13	1.00219758531184344	0.00000000000000000	0.00440000000000000027	3455.75191894899172	1.00219758531681102
56	0.999999999995095479	-1.98955435459780006e-14	0.00000000000000000	3.34007994873264380e-13	1.00219758531179104	0.00000000000000000	0.00440000000000000027	3518.58377202080692	1.00219758531670800
57	0.999999999995184408	-1.99020487590129136e-14	0.00000000000000000	2.60014666048080656e-13	1.00219758531171466	0.00000000000000000	0.00440000000000000027	3581.41562509261485	1.00219758531654168
58	0.999999999995185851	-1.95191085516910334e-14	0.00000000000000000	9.45615113989717315e-14	1.00219758531168446	0.00000000000000000	0.00440000000000000027	3644.24747816440686	1.00219758531650971
59	0.999999999995086708	-1.94787762308745727e-14	0.00000000000000000	-8.47447112484189802e-14	1.00219758531173908	0.00000000000000000	0.00440000000000000027	3707.07933123620842	1.00219758531666292
60	0.999999999995058619	-1.95884974907301057e-14	0.00000000000000000	-1.96371564842312551e-13	1.00219758531180059	0.00000000000000000	0.00440000000000000027	3769.91118430800543	1.00219758531675218
61	0.999999999994986566	-1.93386431000808212e-14	0.00000000000000000	-2.54819711338616361e-13	1.00219758531188874	0.00000000000000000	0.00440000000000000027	3832.74303737980199	1.00219758531691294
62	0.999999999994689692	-1.93499730127832947e-14	0.00000000000000000	-2.18804141471906632e-13	1.00219758531212744	0.00000000000000000	0.00440000000000000027	3895.57489045159673	1.00219758531744874
63	0.999999999994539368	-1.92415527955347443e-14	0.00000000000000000	-1.91347805655883718e-13	1.00219758531225667	0.00000000000000000	0.00440000000000000027	3958.40674352339374	1.00219758531772851
64	0.999999999994523603	-1.91582860686878576e-14	0.00000000000000000	-2.26359729571523616e-14	1.00219758531229952	0.00000000000000000	0.00440000000000000027	4021.23859659518757	1.00219758531778802
65	0.999999999994619748	-1.89917526149940841e-14	0.00000000000000000	1.22374332889307880e-13	1.00219758531223957	0.00000000000000000	0.00440000000000000027	4084.07044966696321	1.00219758531763170
66	0.999999999994613975	-1.89518539750466175e-14	0.00000000000000000	2.44610755262275603e-13	1.00219758531223979	0.00000000000000000	0.00440000000000000027	4146.90230273875204	1.00219758531763903
67	0.999999999994666600	-1.88963428238153597e-14	0.00000000000000000	2.74872572619822009e-13	1.00219758531218539	0.00000000000000000	0.00440000000000000027	4209.73415581057907	1.00219758531753089
68	0.999999999994809818	-1.89655149224199349e-14	0.00000000000000000	3.07233405383300351e-13	1.00219758531206526	0.00000000000000000	0.00440000000000000027	4272.56600888236153	1.00219758531726777
69	0.999999999995104472	-1.87714427335450296e-14	0.00000000000000000	3.04469123524331309e-13	1.00219758531184766	0.00000000000000000	0.00440000000000000027	4335.39786195415491	1.00219758531675551
70	0.999999999995262789	-1.86621551545584907e-14	0.00000000000000000	2.15849907392318130e-13	1.00219758531168601	0.00000000000000000	0.00440000000000000027	4398.22971502594919	1.00219758531643555
71	0.999999999995287991	-1.89119553350991509e-14	0.00000000000000000	2.36494851479918111e-14	1.00219758531162118	0.00000000000000000	0.00440000000000000027	4461.06156809772983	1.00219758531634362
72	0.999999999995124234	-1.86005724711613141e-14	0.00000000000000000	-1.28226422535515638e-13	1.00219758531176839	0.00000000000000000	0.00440000000000000027	4523.89342116953594	1.00219758531665404
73	0.999999999994948596	-1.84418452731094362e-14	0.00000000000000000	-1.68852778981154472e-13	1.00219758531193537	0.00000000000000000	0.00440000000000000027	4586.72527424133841	1.00219758531699665
74	0.999999999994740874	-1.84869480834848332e-14	0.00000000000000000	-1.31631684718858111e-13	1.00219758531208525	0.00000000000000000	0.00440000000000000027	4649.55712731320455	1.00219758531735503
75	0.999999999994481859	-1.84227633148736913e-14	0.00000000000000000	-7.57605783663350962e-14	1.00219758531227154	0.00000000000000000	0.00440000000000000027	4712.38898038501247	1.00219758531780090
76	0.999999999994454547	-1.82475562438000338e-14	0.00000000000000000	9.81037218692262791e-14	1.00219758531226932	0.00000000000000000	0.00440000000000000027	4775.22083345679221	1.00219758531782688
77	0.999999999994475863	-1.83880688453541552e-14	0.00000000000000000	1.88704954440233053e-13	1.00219758531218117	0.00000000000000000	0.00440000000000000027	4838.05268652858194	1.00219758531771874
78	0.999999999994393041	-1.83386292262888162e-14	0.00000000000000000	8.59659565755066524e-14	1.00219758531220382	0.00000000000000000	0.00440000000000000027	4900.88453960036986	1.00219758531782333
79	0.999999999994273581	-1.81330644943855646e-14	0.00000000000000000	2.93157154367812423e-14	1.00219758531223246	0.00000000000000000	0.00440000000000000027	4963.71639267216597	1.00219758531797187
80	0.999999999994098832	-1.83169451828391061e-14	0.00000000000000000	6.89438740472669842e-15	1.00219758531234637	0.00000000000000000	0.00440000000000000027	5026.54824574399845	1.00219758531826031
81	0.999999999994018229	-1.78954073781767420e-14	0.00000000000000000	-4.06601835534203815e-14	1.00219758531238856	0.00000000000000000	0.00440000000000000027	5089.38009881576272	1.00219758531838332
82	0.999999999993868127	-1.80307158093029329e-14	0.00000000000000000	-7.77832659393240533e-14	1.00219758531250580	0.00000000000000000	0.00440000000000000027	5152.21195188760612	1.00219758531865089
83	0.999999999993635535	-1.80784207048922951e-14	0.00000000000000000	3.05311331771918049e-16	1.00219758531264613	0.00000000000000000	0.00440000000000000027	5215.04380495941678	1.00219758531902436
84	0.999999999993688160	-1.79214282303163941e-14	0.00000000000000000	6.37701697003834056e-14	1.00219758531258352	0.00000000000000000	0.00440000000000000027	5277.87565803123107	1.00219758531890935
85	0.999999999993630539	-1.78797948668929507e-14	0.00000000000000000	1.02069394602999353e-13	1.00219758531259506	0.00000000000000000	0.00440000000000000027	5340.70751110303354	1.00219758531897885
86	0.999999999993611222	-1.78034670339499712e-14	0.00000000000000000	5.79362946506734033e-14	1.00219758531254977	0.00000000000000000	0.00440000000000000027	5403.53936417481691	1.00219758531895309
87	0.999999999993580913	-1.79407270289866361e-14	0.00000000000000000	1.04814160822863656e-14	1.00219758531257175	0.00000000000000000	0.00440000000000000027	5466.37121724661938	1.00219758531900527
88	0.999999999993435473	-1.79274997624823129e-14	0.00000000000000000	-9.21849402368835058e-14	1.00219758531268188	0.00000000000000000	0.00440000000000000027	5529.20307031837456	1.00219758531925995
89	0.999999999993170241	-1.79170914216264521e-14	0.00000000000000000	-6.63215142526762946e-14	1.00219758531286907	0.00000000000000000	0.00440000000000000027	5592.03492339016429	1.00219758531971381
90	0.999999999993092081	-1.76681586028237803e-14	0.00000000000000000	1.52725054824998097e-14	1.00219758531289305	0.00000000000000000	0.00440000000000000027	5654.86677646196767	1.00219758531981640
91	0.999999999993042454	-1.75033598726059836e-14	0.00000000000000000	2.92344273788991416e-14	1.00219758531288794	0.00000000000000000	0.00440000000000000027	5717.69862953379561	1.00219758531986125
92	0.999999999992931765	-1.79734699345956983e-14	0.00000000000000000	2.88467166820183252e-14	1.00219758531290282	0.00000000000000000	0.00440000000000000027	5780.53048260559535	1.00219758531998737
93	0.999999999992905453	-1.80046949571632808e-14	0.00000000000000000	3.61342900045968918e-15	1.00219758531291858	0.00000000000000000	0.00440000000000000027	5843.36233567740237	1.00219758532002912
94	0.999999999992791544	-1.81027068335559704e-14	0.00000000000000000	-9.40185429509909909e-14	1.00219758531298964	0.00000000000000000	0.00440000000000000027	5906.19418874921303	1.00219758532021319
95	0.999999999992667199	-1.82388826264201498e-14	0.00000000000000000	-1.40237431042744554e-13	1.00219758531306713	0.00000000000000000	0.00440000000000000027	5969.02604182102277	1.00219758532041636
96	0.999999999992432387	-1.82336784559922194e-14	0.00000000000000000	-1.43473882947831033e-13	1.00219758531323144	0.00000000000000000	0.00440000000000000027	6031.85789489282433	1.00219758532081560
97	0.999999999992175481	-1.83481702054066886e-14	0.00000000000000000	-9.86075370662531370e-14	1.00219758531341863	0.00000000000000000	0.00440000000000000027	6094.68974796463590	1.00219758532126013
98	0.999999999991950772	-1.85389897877641374e-14	0.00000000000000000	-1.48856621473569817e-14	1.00219758531352743	0.00000000000000000	0.00440000000000000027	6157.52160103647020	1.00219758532159431
99	0.999999999991849298	-1.84297022087775986e-14	0.00000000000000000	1.66531718970297504e-13	1.00219758531358827	0.00000000000000000	0.00440000000000000027	6220.35345410826085	1.00219758532175840
100	0.999999999991932009	-1.86109808120171749e-14	0.00000000000000000	2.74989232773581449e-13	1.00219758531349945	0.00000000000000000	0.00440000000000000027	6283.18530718008151	1.00219758532158676
