0	1.00000000000000000	0.00000000000000000	0.00000000000000000	-0.00000000000000000	1.00219758530940384	0.00000000000000000	0.00440000000000000027	0.00000000000000000	1.00219758530940428
1	1.00000000000003642	-2.72720214467003785e-15	0.00000000000000000	2.16001262015597106e-14	1.00219758530936298	0.00000000000000000	0.00440000000000000027	62.8318530718000474	1.00219758530932657
2	1.00000000000004552	-5.94381315000003241e-15	0.00000000000000000	1.24119464706140548e-15	1.00219758530934544	0.00000000000000000	0.00440000000000000027	125.663706143600166	1.00219758530929948
3	0.999999999999893086	-9.68843061333046762e-15	0.00000000000000000	-3.52851428631062447e-14	1.00219758530947023	0.00000000000000000	0.00440000000000000027	188.495559215399908	1.00219758530957681
4	0.999999999999828248	-1.40564643258400679e-14	0.00000000000000000	-1.46562449676590489e-15	1.00219758530952419	0.00000000000000000	0.00440000000000000027	251.327412287199735	1.00219758530969605
5	0.999999999999859557	-1.62665020342345201e-14	0.00000000000000000	2.24386481617599998e-14	1.00219758530947889	0.00000000000000000	0.00440000000000000027	314.159265359000528	1.00219758530961944
6	0.999999999999879985	-1.58952712103754834e-14	0.00000000000000000	3.41662462211012041e-14	1.00219758530943182	0.00000000000000000	0.00440000000000000027	376.991118430799759	1.00219758530955283
7	0.999999999999865996	-1.54782870548375584e-14	0.00000000000000000	-1.62988112589745882e-14	1.00219758530944514	0.00000000000000000	0.00440000000000000027	439.822971502600637	1.00219758530957970
8	0.999999999999724110	-1.52690360355478560e-14	0.00000000000000000	-4.70285702741657374e-14	1.00219758530952929	0.00000000000000000	0.00440000000000000027	502.654824574399356	1.00219758530980574
9	0.999999999999683475	-1.70281540604055870e-14	0.00000000000000000	6.47778271994914334e-15	1.00219758530956282	0.00000000000000000	0.00440000000000000027	565.486677646198473	1.00219758530988012
10	0.999999999999563127	-2.19305910237332924e-14	0.00000000000000000	1.09768964751122411e-14	1.00219758530962633	0.00000000000000000	0.00440000000000000027	628.318530718001739	1.00219758531006420
11	0.999999999999528488	-2.73479155987743638e-14	0.00000000000000000	-5.30599869597025986e-14	1.00219758530963232	0.00000000000000000	0.00440000000000000027	691.150383789801708	1.00219758531010461
12	0.999999999999376943	-2.65065476078713003e-14	0.00000000000000000	-7.96097129190931341e-14	1.00219758530974290	0.00000000000000000	0.00440000000000000027	753.982236861604179	1.00219758531036707
13	0.999999999999141242	-2.60765801313178613e-14	0.00000000000000000	-5.09674767668055750e-14	1.00219758530987302	0.00000000000000000	0.00440000000000000027	816.814089933403352	1.00219758531073388
14	0.999999999999053757	-2.54692100742914818e-14	0.00000000000000000	-1.60683098771041699e-14	1.00219758530988434	0.00000000000000000	0.00440000000000000027	879.645943005202525	1.00219758531083247
15	0.999999999998929856	-2.47267484265734083e-14	0.00000000000000000	1.22271984204225248e-14	1.00219758530997560	0.00000000000000000	0.00440000000000000027	942.477796077000789	1.00219758531104786
16	0.999999999998789413	-2.42009103729179387e-14	0.00000000000000000	7.02417724679493816e-14	1.00219758531007552	0.00000000000000000	0.00440000000000000027	1005.30964914880212	1.00219758531128877
17	0.999999999998860023	-2.36937205966292197e-14	0.00000000000000000	1.66104109633469221e-13	1.00219758530997849	0.00000000000000000	0.00440000000000000027	1068.14150222059902	1.00219758531112180
18	0.999999999998902434	-2.29434526932692506e-14	0.00000000000000000	1.09966723227383767e-13	1.00219758530989966	0.00000000000000000	0.00440000000000000027	1130.97335529240854	1.00219758531099989
19	0.999999999998801292	-2.25045676538471184e-14	0.00000000000000000	3.18443188485062478e-14	1.00219758530995562	0.00000000000000000	0.00440000000000000027	1193.80520836420783	1.00219758531115688
20	0.999999999998815503	-2.18674904572946360e-14	0.00000000000000000	-2.41937546385795343e-14	1.00219758530994185	0.00000000000000000	0.00440000000000000027	1256.63706143600211	1.00219758531112890
21	0.999999999998748779	-2.13579154362264489e-14	0.00000000000000000	-2.36234642958521590e-14	1.00219758530997827	0.00000000000000000	0.00440000000000000027	1319.46891450779344	1.00219758531123193
22	0.999999999998700595	-2.09172956733283399e-14	0.00000000000000000	-9.98255297868233527e-14	1.00219758531001379	0.00000000000000000	0.00440000000000000027	1382.30076757959750	1.00219758531131586
23	0.999999999998535838	-2.03730261827406167e-14	0.00000000000000000	-1.52275544604285606e-13	1.00219758531014347	0.00000000000000000	0.00440000000000000027	1445.13262065139475	1.00219758531161096
24	0.999999999998316458	-1.99068192485718498e-14	0.00000000000000000	-9.69814506479593774e-14	1.00219758531031022	0.00000000000000000	0.00440000000000000027	1507.96447372319540	1.00219758531199643
25	0.999999999998083755	-1.94709699752326770e-14	0.00000000000000000	8.52182907573606485e-15	1.00219758531046632	0.00000000000000000	0.00440000000000000027	1570.79632679499127	1.00219758531238679
26	0.999999999998049005	-1.90594339356114917e-14	0.00000000000000000	1.39428128331092749e-13	1.00219758531043834	0.00000000000000000	0.00440000000000000027	1633.62817986679192	1.00219758531239433
27	0.999999999998065214	-1.86422058345847574e-14	0.00000000000000000	1.92517876640430075e-13	1.00219758531037484	0.00000000000000000	0.00440000000000000027	1696.46003293859462	1.00219758531231506
28	0.999999999998178679	-1.82579645846558947e-14	0.00000000000000000	1.14175162380103501e-13	1.00219758531023939	0.00000000000000000	0.00440000000000000027	1759.29188601039255	1.00219758531206482
29	0.999999999998147260	-1.79387754650761622e-14	0.00000000000000000	1.10501885419722612e-15	1.00219758531026137	0.00000000000000000	0.00440000000000000027	1822.12373908219956	1.00219758531211789
30	0.999999999998036349	-1.75987696637847080e-14	0.00000000000000000	-1.04792043098544951e-13	1.00219758531036307	0.00000000000000000	0.00440000000000000027	1884.95559215400090	1.00219758531233061
31	0.999999999997891353	-1.72414166277334857e-14	0.00000000000000000	-5.00899235283958078e-14	1.00219758531046899	0.00000000000000000	0.00440000000000000027	1947.78744522579882	1.00219758531258285
32	0.999999999997809308	-1.69447789133414517e-14	0.00000000000000000	-9.10270123166689871e-14	1.00219758531051095	0.00000000000000000	0.00440000000000000027	2010.61929829760538	1.00219758531270586
33	0.999999999997654210	-1.66403349433075221e-14	0.00000000000000000	-5.76353201275914273e-14	1.00219758531059733	0.00000000000000000	0.00440000000000000027	2073.45115136941467	1.00219758531294834
34	0.999999999997434608	-1.63064006741819867e-14	0.00000000000000000	-9.64983301598998366e-15	1.00219758531070968	0.00000000000000000	0.00440000000000000027	2136.28300444121442	1.00219758531328096
35	0.999999999997367994	-1.60461921527854656e-14	0.00000000000000000	-5.44508015065670037e-15	1.00219758531075476	0.00000000000000000	0.00440000000000000027	2199.11485751301097	1.00219758531339265
36	0.999999999997303712	-1.58484336765241096e-14	0.00000000000000000	3.54941770419614500e-14	1.00219758531080960	0.00000000000000000	0.00440000000000000027	2261.94671058480390	1.00219758531351233
37	0.999999999997192468	-1.55951640490314958e-14	0.00000000000000000	6.43608430439535084e-14	1.00219758531085246	0.00000000000000000	0.00440000000000000027	2324.77856365659864	1.00219758531366665
38	0.999999999997166933	-1.53713847206304877e-14	0.00000000000000000	1.06525031851045782e-13	1.00219758531084957	0.00000000000000000	0.00440000000000000027	2387.61041672840884	1.00219758531368930
39	0.999999999997251199	-1.51267887105177579e-14	0.00000000000000000	9.38984133502795970e-14	1.00219758531077341	0.00000000000000000	0.00440000000000000027	2450.44226980020767	1.00219758531352832
40	0.999999999997259748	-1.49875771515706191e-14	0.00000000000000000	8.90797852148850211e-14	1.00219758531075875	0.00000000000000000	0.00440000000000000027	2513.27412287199877	1.00219758531350522
41	0.999999999997154942	-1.48509676778374455e-14	0.00000000000000000	4.04745681414908631e-14	1.00219758531081649	0.00000000000000000	0.00440000000000000027	2576.10597594377714	1.00219758531366798
42	0.999999999997015387	-1.47902523561782573e-14	0.00000000000000000	4.23868839333207958e-14	1.00219758531089287	0.00000000000000000	0.00440000000000000027	2638.93782901555323	1.00219758531388425
43	0.999999999996928457	-1.45682077512532260e-14	0.00000000000000000	-2.39773478849514277e-14	1.00219758531090752	0.00000000000000000	0.00440000000000000027	2701.76968208736116	1.00219758531398528
44	0.999999999996752931	-1.44485118314108263e-14	0.00000000000000000	-8.30576926680315353e-14	1.00219758531102010	0.00000000000000000	0.00440000000000000027	2764.60153515915863	1.00219758531427372
45	0.999999999996583178	-1.42923867185729137e-14	0.00000000000000000	-9.50871326121927041e-14	1.00219758531117287	0.00000000000000000	0.00440000000000000027	2827.43338823095064	1.00219758531459724
46	0.999999999996445066	-1.42290693116997602e-14	0.00000000000000000	-7.16223955143924229e-14	1.00219758531126590	0.00000000000000000	0.00440000000000000027	2890.26524130274902	1.00219758531482839
47	0.999999999996385891	-1.44641243426946176e-14	0.00000000000000000	1.16708726016767628e-13	1.00219758531128167	0.00000000000000000	0.00440000000000000027	2953.09709437453012	1.00219758531490499
48	0.999999999996455613	-1.42004463743461429e-14	0.00000000000000000	2.06577810413222096e-13	1.00219758531122416	0.00000000000000000	0.00440000000000000027	3015.92894744631894	1.00219758531477665
49	0.999999999996510569	-1.43062645063807281e-14	0.00000000000000000	2.16916545489609369e-13	1.00219758531112046	0.00000000000000000	0.00440000000000000027	3078.76080051811641	1.00219758531461811
50	0.999999999996481370	-1.44988188122141537e-14	0.00000000000000000	1.19808676868338182e-13	1.00219758531108249	0.00000000000000000	0.00440000000000000027	3141.59265358992980	1.00219758531460923
51	0.999999999996409428	-1.47789766535844080e-14	0.00000000000000000	5.38848479725295704e-15	1.00219758531108183	0.00000000000000000	0.00440000000000000027	3204.42450666172681	1.00219758531468051
52	0.999999999996412536	-1.48752538065011208e-14	0.00000000000000000	-1.36475900025523345e-13	1.00219758531109893	0.00000000000000000	0.00440000000000000027	3267.25635973353019	1.00219758531469316
53	0.999999999996211031	-1.55817199420926755e-14	0.00000000000000000	-2.14017605720817627e-13	1.00219758531128211	0.00000000000000000	0.00440000000000000027	3330.08821280533630	1.00219758531507863
54	0.999999999995919819	-1.58865975929955994e-14	0.00000000000000000	-1.64670360680574390e-13	1.00219758531152614	0.00000000000000000	0.00440000000000000027	3392.92006587713377	1.00219758531561398
55	0.999999999995852429	-1.66568148163293017e-14	0.00000000000000000	-6.70540012404075014e-14	1.00219758531158787	0.00000000000000000	0.00440000000000000027	3455.75191894892487	1.00219758531574366
56	0.999999999995752065	-1.70592977678102331e-14	0.00000000000000000	9.46282982527968386e-14	1.00219758531164649	0.00000000000000000	0.00440000000000000027	3518.58377202071779	1.00219758531590375
57	0.999999999995787148	-1.72995298641787087e-14	0.00000000000000000	1.71382873170866645e-13	1.00219758531157854	0.00000000000000000	0.00440000000000000027	3581.41562509250298	1.00219758531580183
58	0.999999999995882294	-1.75614731090512066e-14	0.00000000000000000	2.42078926349087453e-13	1.00219758531147884	0.00000000000000000	0.00440000000000000027	3644.24747816430772	1.00219758531560732
59	0.999999999995874633	-1.80758186196783299e-14	0.00000000000000000	1.55273363611208026e-13	1.00219758531141467	0.00000000000000000	0.00440000000000000027	3707.07933123610064	1.00219758531555048
60	0.999999999995769606	-1.81616874317391819e-14	0.00000000000000000	3.39415995309622076e-14	1.00219758531145353	0.00000000000000000	0.00440000000000000027	3769.91118430789084	1.00219758531569347
61	0.999999999995630717	-1.82245711577433411e-14	0.00000000000000000	-6.27714026590897589e-14	1.00219758531154302	0.00000000000000000	0.00440000000000000027	3832.74303737969103	1.00219758531592174
62	0.999999999995465294	-1.86174860250520879e-14	0.00000000000000000	-7.64097986272194163e-14	1.00219758531165115	0.00000000000000000	0.00440000000000000027	3895.57489045151488	1.00219758531619596
63	0.999999999995426880	-1.86482773667506763e-14	0.00000000000000000	-7.97729937662694510e-14	1.00219758531168246	0.00000000000000000	0.00440000000000000027	3958.40674352333599	1.00219758531626479
64	0.999999999995272892	-1.86968496240780269e-14	0.00000000000000000	-4.43412667694431661e-14	1.00219758531181746	0.00000000000000000	0.00440000000000000027	4021.23859659511163	1.00219758531655478
65	0.999999999995231037	-1.90975707470286693e-14	0.00000000000000000	2.27196733648682425e-14	1.00219758531181546	0.00000000000000000	0.00440000000000000027	4084.07044966691592	1.00219758531659475
66	0.999999999995062283	-1.89952220619460377e-14	0.00000000000000000	1.39059770642990799e-14	1.00219758531190872	0.00000000000000000	0.00440000000000000027	4146.90230273874840	1.00219758531685765
67	0.999999999994928501	-1.91964499851593473e-14	0.00000000000000000	1.66702589232681220e-14	1.00219758531198955	0.00000000000000000	0.00440000000000000027	4209.73415581056543	1.00219758531707193
68	0.999999999994891198	-1.92562979450805472e-14	0.00000000000000000	3.86765272586409026e-14	1.00219758531198977	0.00000000000000000	0.00440000000000000027	4272.56600888234425	1.00219758531710990
69	0.999999999994742095	-1.96646084832385881e-14	0.00000000000000000	5.66758012049417559e-14	1.00219758531207859	0.00000000000000000	0.00440000000000000027	4335.39786195414217	1.00219758531734793
70	0.999999999994630073	-1.99172275894277107e-14	0.00000000000000000	1.00312119721834847e-13	1.00219758531214009	0.00000000000000000	0.00440000000000000027	4398.22971502591645	1.00219758531752245
71	0.999999999994497624	-2.03658704484022124e-14	0.00000000000000000	1.66707359722240156e-13	1.00219758531219894	0.00000000000000000	0.00440000000000000027	4461.06156809774893	1.00219758531771386
72	0.999999999994459099	-2.06432093641240044e-14	0.00000000000000000	1.89997323429835774e-13	1.00219758531217829	0.00000000000000000	0.00440000000000000027	4523.89342116952412	1.00219758531773273
73	0.999999999994570121	-2.08401004786473720e-14	0.00000000000000000	2.09036780940419220e-13	1.00219758531204839	0.00000000000000000	0.00440000000000000027	4586.72527424131476	1.00219758531749159
74	0.999999999994600319	-2.10716860626902758e-14	0.00000000000000000	5.23999246770934235e-14	1.00219758531200620	0.00000000000000000	0.00440000000000000027	4649.55712731315816	1.00219758531741787
75	0.999999999994611533	-2.10579166950997099e-14	0.00000000000000000	-1.05312351721120745e-13	1.00219758531197600	0.00000000000000000	0.00440000000000000027	4712.38898038498246	1.00219758531737657
76	0.999999999994611977	-2.15123058255883848e-14	0.00000000000000000	-1.60107170577017399e-13	1.00219758531200154	0.00000000000000000	0.00440000000000000027	4775.22083345677493	1.00219758531740122
77	0.999999999994354960	-2.16224607663129120e-14	0.00000000000000000	-2.56537846521354140e-13	1.00219758531218317	0.00000000000000000	0.00440000000000000027	4838.05268652856466	1.00219758531783931
78	0.999999999994138022	-2.17274115366095089e-14	0.00000000000000000	-2.48159999494124150e-13	1.00219758531236525	0.00000000000000000	0.00440000000000000027	4900.88453960040169	1.00219758531823966
79	0.999999999993876010	-2.22443591324505974e-14	0.00000000000000000	-1.75910501443166112e-13	1.00219758531256642	0.00000000000000000	0.00440000000000000027	4963.71639267221781	1.00219758531870307
80	0.999999999993689603	-2.20778256787568239e-14	0.00000000000000000	-1.21536461450411082e-13	1.00219758531268188	0.00000000000000000	0.00440000000000000027	5026.54824574398754	1.00219758531900416
81	0.999999999993596234	-2.22452264941885858e-14	0.00000000000000000	1.74296341248769693e-14	1.00219758531273673	0.00000000000000000	0.00440000000000000027	5089.38009881582639	1.00219758531915493
82	0.999999999993608446	-2.24160967565723013e-14	0.00000000000000000	1.62587825147664233e-13	1.00219758531268144	0.00000000000000000	0.00440000000000000027	5152.21195188762795	1.00219758531908787
83	0.999999999993588462	-2.24195662035242549e-14	0.00000000000000000	1.96833868648660371e-13	1.00219758531262482	0.00000000000000000	0.00440000000000000027	5215.04380495947225	1.00219758531905190
84	0.999999999993591793	-2.26832441718727296e-14	0.00000000000000000	1.11292919324768036e-13	1.00219758531255465	0.00000000000000000	0.00440000000000000027	5277.87565803127382	1.00219758531897685
85	0.999999999993407052	-2.27283469822481266e-14	0.00000000000000000	-5.35292296599543249e-15	1.00219758531265013	0.00000000000000000	0.00440000000000000027	5340.70751110305173	1.00219758531925773
86	0.999999999993241961	-2.28679922220642595e-14	0.00000000000000000	-1.38760530843384799e-13	1.00219758531276870	0.00000000000000000	0.00440000000000000027	5403.53936417486602	1.00219758531954106
87	0.999999999993012478	-2.28957477976798884e-14	0.00000000000000000	-1.42040025574718953e-13	1.00219758531294034	0.00000000000000000	0.00440000000000000027	5466.37121724666213	1.00219758531994185
88	0.999999999992842836	-2.28931457124659232e-14	0.00000000000000000	-3.48557988028019849e-14	1.00219758531306824	0.00000000000000000	0.00440000000000000027	5529.20307031845005	1.00219758532024095
89	0.999999999992570388	-2.31412111695306066e-14	0.00000000000000000	1.43458595697198987e-13	1.00219758531322012	0.00000000000000000	0.00440000000000000027	5592.03492339030709	1.00219758532066705
90	0.999999999992529531	-2.30056858979699186e-14	0.00000000000000000	2.11285849927023150e-13	1.00219758531319370	0.00000000000000000	0.00440000000000000027	5654.86677646210865	1.00219758532068060
91	0.999999999992557065	-2.29781471627887868e-14	0.00000000000000000	1.40806637183299443e-13	1.00219758531309266	0.00000000000000000	0.00440000000000000027	5717.69862953388747	1.00219758532055292
92	0.999999999992468580	-2.30909312937815914e-14	0.00000000000000000	2.27211370378010979e-14	1.00219758531313063	0.00000000000000000	0.00440000000000000027	5780.53048260572359	1.00219758532067860
93	0.999999999992321476	-2.30336583140200446e-14	0.00000000000000000	-1.23256439776842086e-14	1.00219758531319902	0.00000000000000000	0.00440000000000000027	5843.36233567751970	1.00219758532089442
94	0.999999999992190691	-2.28324303908067350e-14	0.00000000000000000	-2.94994063898545988e-14	1.00219758531328473	0.00000000000000000	0.00440000000000000027	5906.19418874932035	1.00219758532111114
95	0.999999999991947663	-2.29352127567583608e-14	0.00000000000000000	-1.16636301311645596e-13	1.00219758531345859	0.00000000000000000	0.00440000000000000027	5969.02604182111190	1.00219758532152836
96	0.999999999991879718	-2.26945198744665788e-14	0.00000000000000000	-3.54577478489659370e-14	1.00219758531348568	0.00000000000000000	0.00440000000000000027	6031.85789489291346	1.00219758532162317
97	0.999999999991727506	-2.26797747249207760e-14	0.00000000000000000	-1.02452768491190227e-14	1.00219758531359648	0.00000000000000000	0.00440000000000000027	6094.68974796473594	1.00219758532188674
98	0.999999999991655564	-2.27491636639598482e-14	0.00000000000000000	-1.85441939581920678e-15	1.00219758531363223	0.00000000000000000	0.00440000000000000027	6157.52160103655478	1.00219758532199510
99	0.999999999991664112	-2.27218417692132135e-14	0.00000000000000000	5.24190066353291684e-14	1.00219758531362979	0.00000000000000000	0.00440000000000000027	6220.35345410836453	1.00219758532198422
100	0.999999999991625588	-2.28827373716100624e-14	0.00000000000000000	6.96543517308967353e-14	1.00219758531364933	0.00000000000000000	0.00440000000000000027	6283.18530718015427	1.00219758532204262
