0	1.00000000000000000	0.00000000000000000	0.00000000000000000	-0.00000000000000000	1.00219758530940384	0.00000000000000000	0.00440000000000000027	0.00000000000000000	1.00219758530940428
1	1.00001293545049230	0.000317326367782604004	0.00000000000000000	-0.000159008104770163444	1.00218696978087007	0.00000000000000000	0.00440000000000000027	62.8318530718000474	1.00303156200299215
2	1.00005163130398755	0.000631100593876793119	0.00000000000000000	-0.000316213022788463909	1.00215521951373709	0.00000000000000000	0.00440000000000000027	125.663706143600123	1.00299992798776882
3	1.00011575710696721	0.000937790144985961582	0.00000000000000000	-0.000469817450666172760	1.00210262247532356	0.00000000000000000	0.00440000000000000027	188.495559215400249	1.00294694255881556
4	1.00020476550812809	0.00123392967152921302	0.00000000000000000	-0.000618063983812923564	1.00202965532489574	0.00000000000000000	0.00440000000000000027	251.327412287200843	1.00287230821989137
5	1.00031789725572340	0.00151615393871586037	0.00000000000000000	-0.000759254652141325322	1.00193697856533004	0.00000000000000000	0.00440000000000000027	314.159265359000642	1.00277836310174107
6	1.00045418803382291	0.00178121332276851528	0.00000000000000000	-0.000891753281822563887	1.00182542994418489	0.00000000000000000	0.00440000000000000027	376.991118430802373	1.00266658278752918
7	1.00061247698265698	0.00202598024484591365	0.00000000000000000	-0.00101397917935514611	1.00169601626565519	0.00000000000000000	0.00440000000000000027	439.822971502601206	1.00253497197242614
8	1.00079141656000181	0.00224751079210739734	0.00000000000000000	-0.00112445653444856550	1.00154990373174035	0.00000000000000000	0.00440000000000000027	502.654824574399754	1.00238337392737797
9	1.00098948370191776	0.00244305590499686734	0.00000000000000000	-0.00122181381310858088	1.00138840709615184	0.00000000000000000	0.00440000000000000027	565.486677646195290	1.00221599881542112
10	1.00120499198707757	0.00261008187844184378	0.00000000000000000	-0.00130479304412943345	1.00121297779671492	0.00000000000000000	0.00440000000000000027	628.318530717998328	1.00203318778828510
11	1.00143610460432653	0.00274629396003638233	0.00000000000000000	-0.00137226280481840286	1.00102519126354195	0.00000000000000000	0.00440000000000000027	691.150383789794205	1.00183978098215731
12	1.00168084797831636	0.00284965159482017567	0.00000000000000000	-0.00142322348594525966	1.00082673359745367	0.00000000000000000	0.00440000000000000027	753.982236861590536	1.00163061540523279
13	1.00193712584055183	0.00291840258686774413	0.00000000000000000	-0.00145683212853961724	1.00061938773834913	0.00000000000000000	0.00440000000000000027	816.814089933393348	1.00141398303335283
14	1.00220273388574377	0.00295105337414650623	0.00000000000000000	-0.00147236414857871041	1.00040501936921022	0.00000000000000000	0.00440000000000000027	879.645943005194454	1.00118342220672440
15	1.00247537450586055	0.00294643380290447558	0.00000000000000000	-0.00146927023286801042	1.00018556242605272	0.00000000000000000	0.00440000000000000027	942.477796076996128	1.00095218131481412
16	1.00275267200731566	0.00290371105601317653	0.00000000000000000	-0.00144718320006193566	0.999963004486588036	0.00000000000000000	0.00440000000000000027	1005.30964914879507	1.00070696709000218
17	1.00303218838910024	0.00282233895350272315	0.00000000000000000	-0.00140586133034333038	0.999739372104597845	0.00000000000000000	0.00440000000000000027	1068.14150222060084	1.00046101387167519
18	1.00331143919898347	0.00270212454733347734	0.00000000000000000	-0.00134524971298522616	0.999516715838501324	0.00000000000000000	0.00440000000000000027	1130.97335529240354	1.00021666101626927
19	1.00358791009809956	0.00254322629978876759	0.00000000000000000	-0.00126547438697789802	0.999297095256914236	0.00000000000000000	0.00440000000000000027	1193.80520836420919	0.999967053235899961
20	1.00385907418555842	0.00234607754472664770	0.00000000000000000	-0.00116676335409878276	0.999082563905935750	0.00000000000000000	0.00440000000000000027	1256.63706143599984	0.999725418305134172
21	1.00412240937569197	0.00211154809202241268	0.00000000000000000	-0.00104960605500031574	0.998875153851811248	0.00000000000000000	0.00440000000000000027	1319.46891450780777	0.999484437734291409
22	1.00437541738138125	0.00184074015630974770	0.00000000000000000	-0.000914550258560089657	0.998676860559198687	0.00000000000000000	0.00440000000000000027	1382.30076757960865	0.999248422287815630
23	1.00461564274991400	0.00153502136618077593	0.00000000000000000	-0.000762236712600614270	0.998489627350635844	0.00000000000000000	0.00440000000000000027	1445.13262065141657	0.999024219230513655
24	1.00484069213732363	0.00119647127371199963	0.00000000000000000	-0.000593846165221812014	0.998315329608213120	0.00000000000000000	0.00440000000000000027	1507.96447372321518	0.998804681600865329
25	1.00504825619688143	0.000827109704083483707	0.00000000000000000	-0.000410337315742240714	0.998155760006472992	0.00000000000000000	0.00440000000000000027	1570.79632679502242	0.998603732006849931
26	1.00523612981975363	0.000429328763370255551	0.00000000000000000	-0.000212883280935272741	0.998012612831547741	0.00000000000000000	0.00440000000000000027	1633.62817986681080	0.998411025633578086
27	1.00540223367336212	5.83498092279711653e-06	0.00000000000000000	-2.82270188671973274e-06	0.997887469062464505	0.00000000000000000	0.00440000000000000027	1696.46003293861418	0.998237778256031771
28	1.00554463573190467	-0.000440437406660333132	0.00000000000000000	0.000218415902282239824	0.997781781831726833	0.00000000000000000	0.00440000000000000027	1759.29188601040892	0.998083610496721563
29	1.00566157256647570	-0.000906268826376924793	0.00000000000000000	0.000449244775487555367	0.997696862444213073	0.00000000000000000	0.00440000000000000027	1822.12373908221161	0.997945008961333535
30	1.00575147008446009	-0.00138828272760533971	0.00000000000000000	0.000688030568719107463	0.997633867125563900	0.00000000000000000	0.00440000000000000027	1884.95559215401545	0.997829418368413879
31	1.00581296344307414	-0.00188290176725139629	0.00000000000000000	0.000933035702886632172	0.997593784692165975	0.00000000000000000	0.00440000000000000027	1947.78744522580814	0.997737195737221971
32	1.00584491572210100	-0.00238640433184075795	0.00000000000000000	0.00118245808122501407	0.997577425270148810	0.00000000000000000	0.00440000000000000027	2010.61929829761107	0.997666442053957825
33	1.00584643505167448	-0.00289495025511788155	0.00000000000000000	0.00143443923318904362	0.997585410226449310	0.00000000000000000	0.00440000000000000027	2073.45115136941740	0.997621253871194602
34	1.00581688979592787	-0.00340462732382766859	0.00000000000000000	0.00168709230830389875	0.997618163408568015	0.00000000000000000	0.00440000000000000027	2136.28300444120077	0.997601340410650517
35	1.00575592168419004	-0.00391144906502501402	0.00000000000000000	0.00193848121660334955	0.997675903901277694	0.00000000000000000	0.00440000000000000027	2199.11485751299460	0.997607049702886051
36	1.00566345620034370	-0.00441143699564426877	0.00000000000000000	0.00218668323546916503	0.997758640190125057	0.00000000000000000	0.00440000000000000027	2261.94671058480753	0.997639103510009395
37	1.00553971048724033	-0.00490062415901307627	0.00000000000000000	0.00242977346004530532	0.997866166058940518	0.00000000000000000	0.00440000000000000027	2324.77856365661000	0.997697728198363554
38	1.00538519817864436	-0.00537510132634129445	0.00000000000000000	0.00266585167918219085	0.997998058105456609	0.00000000000000000	0.00440000000000000027	2387.61041672841020	0.997783188592889281
39	1.00520073121071030	-0.00583104168777911873	0.00000000000000000	0.00289304818870551959	0.998153675053147338	0.00000000000000000	0.00440000000000000027	2450.44226980018357	0.997893328716845107
40	1.00498741823002180	-0.00626475364115934054	0.00000000000000000	0.00310955792757150636	0.998332158806461756	0.00000000000000000	0.00440000000000000027	2513.27412287197831	0.998028734039267063
41	1.00474665995034607	-0.00667267761221059224	0.00000000000000000	0.00331361960008267134	0.998532437560522346	0.00000000000000000	0.00440000000000000027	2576.10597594378987	0.998185788304560173
42	1.00448014061475588	-0.00705145773750037036	0.00000000000000000	0.00350356981596253647	0.998753230667014380	0.00000000000000000	0.00440000000000000027	2638.93782901559734	0.998369110526489023
43	1.00418981618549452	-0.00739796718542183162	0.00000000000000000	0.00367785200608965017	0.998993055690572951	0.00000000000000000	0.00440000000000000027	2701.76968208739345	0.998568927202330370
44	1.00387789908787539	-0.00770932242321564938	0.00000000000000000	0.00383501522242955632	0.999250237679999431	0.00000000000000000	0.00440000000000000027	2764.60153515919319	0.998791787764414907
45	1.00354683950151857	-0.00798288997565319361	0.00000000000000000	0.00397370642272576458	0.999522920744350118	0.00000000000000000	0.00440000000000000027	2827.43338823100976	0.999029056197186183
46	1.00319930250048750	-0.00821637673420599554	0.00000000000000000	0.00409274708180021839	0.999809081648082021	0.00000000000000000	0.00440000000000000027	2890.26524130281905	0.999283354615766672
47	1.00283814268763405	-0.00840780412064666242	0.00000000000000000	0.00419109550621430890	1.00010654625112028	0.00000000000000000	0.00440000000000000027	2953.09709437461515	0.999549580804751758
48	1.00246637490787482	-0.00855557221164531326	0.00000000000000000	0.00426790019457335378	1.00041300803262434	0.00000000000000000	0.00440000000000000027	3015.92894744640489	0.999823790652527133
49	1.00208714273406474	-0.00865843350030372043	0.00000000000000000	0.00432246477228750894	1.00072604938684528	0.00000000000000000	0.00440000000000000027	3078.76080051819599	1.00009778120482751
50	1.00170368357410977	-0.00871555595395295639	0.00000000000000000	0.00435430381924926078	1.00104316485218003	0.00000000000000000	0.00440000000000000027	3141.59265358999119	1.00038162921325235
51	1.00131929240113848	-0.00872648834764100725	0.00000000000000000	0.00436310320563116933	1.00136178688347810	0.00000000000000000	0.00440000000000000027	3204.42450666178365	1.00066402070164129
52	1.00093728291513728	-0.00869122822806471518	0.00000000000000000	0.00434878516756516571	1.00167931304217706	0.00000000000000000	0.00440000000000000027	3267.25635973358158	1.00095365584165452
53	1.00056094846357935	-0.00861019429911443271	0.00000000000000000	0.00431148031598089371	1.00199313510420041	0.00000000000000000	0.00440000000000000027	3330.08821280536222	1.00122646678268845
54	1.00019352230872616	-0.00848423068819315063	0.00000000000000000	0.00425153399014564174	1.00230066908372950	0.00000000000000000	0.00440000000000000027	3392.92006587716742	1.00149027067505592
55	0.999838137940921245	-0.00831465044732742319	0.00000000000000000	0.00416955458412623416	1.00259938561824002	0.00000000000000000	0.00440000000000000027	3455.75191894897944	1.00175507464146940
56	0.999497792500084747	-0.00810304570029045206	0.00000000000000000	0.00406623054209311659	1.00288684126199668	0.00000000000000000	0.00440000000000000027	3518.58377202076599	1.00199483340154938
57	0.999175308443600918	-0.00785153792867671410	0.00000000000000000	0.00394259116229150018	1.00316070721971795	0.00000000000000000	0.00440000000000000027	3581.41562509256210	1.00222044317460690
58	0.998873301623025567	-0.00756258948252408469	0.00000000000000000	0.00379983004725138870	1.00341879857759664	0.00000000000000000	0.00440000000000000027	3644.24747816436638	1.00243040454601262
59	0.998594151050596901	-0.00723901673314546797	0.00000000000000000	0.00363933288087680846	1.00365910068348252	0.00000000000000000	0.00440000000000000027	3707.07933123614521	1.00261857055493642
60	0.998339973311466844	-0.00688391950907583580	0.00000000000000000	0.00346262315043514976	1.00387979326169274	0.00000000000000000	0.00440000000000000027	3769.91118430795450	1.00278627923443087
61	0.998112600720500898	-0.00650070949978227234	0.00000000000000000	0.00327140899842855290	1.00407927105484962	0.00000000000000000	0.00440000000000000027	3832.74303737974878	1.00292813096078315
62	0.997913565047272466	-0.00609303762795746721	0.00000000000000000	0.00306752988958015720	1.00425616132340911	0.00000000000000000	0.00440000000000000027	3895.57489045154534	1.00304348290292955
63	0.997744085974983874	-0.00566475251055664070	0.00000000000000000	0.00285293542273830619	1.00440933739074922	0.00000000000000000	0.00440000000000000027	3958.40674352334736	1.00313693129407966
64	0.997605064565959210	-0.00521985701690702228	0.00000000000000000	0.00262966277969849029	1.00453792819165555	0.00000000000000000	0.00440000000000000027	4021.23859659513982	1.00320081334367495
65	0.997497081591902091	-0.00476246355154850889	0.00000000000000000	0.00239981306834252542	1.00464132377786330	0.00000000000000000	0.00440000000000000027	4084.07044966694048	1.00324058105331382
66	0.997420400447212141	-0.00429674950297817462	0.00000000000000000	0.00216552766315900036	1.00471917685650025	0.00000000000000000	0.00440000000000000027	4146.90230273872112	1.00325322831742003
67	0.997374974253711022	-0.00382691195429628664	0.00000000000000000	0.00192896332540128113	1.00477140055981362	0.00000000000000000	0.00440000000000000027	4209.73415581052177	1.00323935290813382
68	0.997360456677070073	-0.00335712084157674655	0.00000000000000000	0.00169226502120604439	1.00479816273244160	0.00000000000000000	0.00440000000000000027	4272.56600888234334	1.00319941715058536
69	0.997376215867086025	-0.00289148375519882473	0.00000000000000000	0.00145754952578512143	1.00479987707439999	0.00000000000000000	0.00440000000000000027	4335.39786195417219	1.00313414876634366
70	0.997421351053184191	-0.00243399576998164138	0.00000000000000000	0.00122687284681758258	1.00477719159848267	0.00000000000000000	0.00440000000000000027	4398.22971502595647	1.00304758666885152
71	0.997494711095547548	-0.00198851424431622376	0.00000000000000000	0.00100222160035536977	1.00473097476854933	0.00000000000000000	0.00440000000000000027	4461.06156809776894	1.00293502466882734
72	0.997594914586396153	-0.00155871881879486194	0.00000000000000000	0.000785488210072897864	1.00466229982271860	0.00000000000000000	0.00440000000000000027	4523.89342116956777	1.00280191833863230
73	0.997720370931338696	-0.00114807874697476229	0.00000000000000000	0.000578452201755587196	1.00457242766069932	0.00000000000000000	0.00440000000000000027	4586.72527424136206	1.00264894039422137
74	0.997869301995749525	-0.000759830512067055826	0.00000000000000000	0.000382770561973933693	1.00446278868907712	0.00000000000000000	0.00440000000000000027	4649.55712731316453	1.00248088793025114
75	0.998039763985193007	-0.000396945431196022575	0.00000000000000000	0.000199956732278563573	1.00433496398537137	0.00000000000000000	0.00440000000000000027	4712.38898038498155	1.00229280504784635
76	0.998229669242885920	-6.21178555439416691e-05	0.00000000000000000	3.13790757500535811e-05	1.00419066606099605	0.00000000000000000	0.00440000000000000027	4775.22083345673582	1.00209005444129096
77	0.998436807792904668	0.000242241152447889192	0.00000000000000000	-0.000121736411901688865	1.00403171949229875	0.00000000000000000	0.00440000000000000027	4838.05268652858740	1.00187243914257795
78	0.998658868439103120	0.000514087813761966977	0.00000000000000000	-0.000258382730710458863	1.00386004160036046	0.00000000000000000	0.00440000000000000027	4900.88453960036895	1.00164882439495728
79	0.998893459382443227	0.000751653604377503469	0.00000000000000000	-0.000377672704871230731	1.00367762336384247	0.00000000000000000	0.00440000000000000027	4963.71639267217415	1.00141870959675350
80	0.999138128277063942	0.000953525368621185431	0.00000000000000000	-0.000478914202119265758	1.00348651067247641	0.00000000000000000	0.00440000000000000027	5026.54824574398208	1.00117540270855954
81	0.999390381742096490	0.00111862559225643730	0.00000000000000000	-0.000561586209288345538	1.00328878603002924	0.00000000000000000	0.00440000000000000027	5089.38009881579092	1.00093275723207631
82	0.999647704313431973	0.00124623038908116841	0.00000000000000000	-0.000625354108247593889	1.00308655076747733	0.00000000000000000	0.00440000000000000027	5152.21195188762067	1.00068602912693971
83	0.999907576917297369	0.00133594810956375000	0.00000000000000000	-0.000670046733835259799	1.00288190785809639	0.00000000000000000	0.00440000000000000027	5215.04380495941314	1.00043320325090090
84	1.00016749479654199	0.00138774439328122334	0.00000000000000000	-0.000695681395015647006	1.00267694534110130	0.00000000000000000	0.00440000000000000027	5277.87565803122470	1.00019298636184084
85	1.00042498502735944	0.00140191262472173089	0.00000000000000000	-0.000702435466621248103	1.00247372046313932	0.00000000000000000	0.00440000000000000027	5340.70751110302808	0.999950246495586392
86	1.00067762351902045	0.00137908116230485867	0.00000000000000000	-0.000690656235998165016	1.00227424452824798	0.00000000000000000	0.00440000000000000027	5403.53936417480327	0.999707491188296382
87	1.00092305156057093	0.00132019649450567387	0.00000000000000000	-0.000660847944239596665	1.00208046854213317	0.00000000000000000	0.00440000000000000027	5466.37121724664030	0.999475103345850990
88	1.00115899186021395	0.00122650043438205479	0.00000000000000000	-0.000613654176105181588	1.00189426968243622	0.00000000000000000	0.00440000000000000027	5529.20307031845277	0.999259900435162551
89	1.00138326396230526	0.00109955213963052259	0.00000000000000000	-0.000549886348446872782	1.00171743860586848	0.00000000000000000	0.00440000000000000027	5592.03492339022523	0.999045312907627103
90	1.00159379915008806	0.000941160131277007407	0.00000000000000000	-0.000470463266313910118	1.00155166771572901	0.00000000000000000	0.00440000000000000027	5654.86677646202315	0.998846024487468842
91	1.00178865452655619	0.000753402054254102317	0.00000000000000000	-0.000376439555331905575	1.00139854030942699	0.00000000000000000	0.00440000000000000027	5717.69862953386200	0.998664899821332441
92	1.00196602636898136	0.000538585424988749549	0.00000000000000000	-0.000268975976428542478	1.00125952071964219	0.00000000000000000	0.00440000000000000027	5780.53048260565447	0.998490147884830259
93	1.00212426256044362	0.000299234217299430838	0.00000000000000000	-0.000149336407014177483	1.00113594541451456	0.00000000000000000	0.00440000000000000027	5843.36233567746694	0.998341201525433042
94	1.00226187404642886	3.80662067178891284e-05	0.00000000000000000	-1.88762648970046409e-05	1.00102901508003095	0.00000000000000000	0.00440000000000000027	5906.19418874923940	0.998204747062277242
95	1.00237754521021905	-0.000242033981484469224	0.00000000000000000	0.000120972791682573237	1.00093978767546798	0.00000000000000000	0.00440000000000000027	5969.02604182105370	0.998085157798365485
96	1.00247014308169979	-0.000538035133192301665	0.00000000000000000	0.000268711031077287590	1.00086917244512974	0.00000000000000000	0.00440000000000000027	6031.85789489285344	0.997985404283489252
97	1.00253872531689625	-0.000846774173206666248	0.00000000000000000	0.000422772952781615835	1.00081792487199128	0.00000000000000000	0.00440000000000000027	6094.68974796466955	0.997908215241507301
98	1.00258254685784487	-0.00116499755280354087	0.00000000000000000	0.000581555955842018475	1.00078664253745275	0.00000000000000000	0.00440000000000000027	6157.52160103646111	0.997850971261701081
99	1.00260106523954540	-0.00148937723813674953	0.00000000000000000	0.000743423467415374418	1.00077576186876738	0.00000000000000000	0.00440000000000000027	6220.35345410824539	0.997813455384285897
100	1.00259394450740502	-0.00181652782615102310	0.00000000000000000	0.000906709084662282077	1.00078555575538308	0.00000000000000000	0.00440000000000000027	6283.18530718002512	0.997798180515180100
