0	1.00000000000000000	0.00000000000000000	0.00000000000000000	-0.00000000000000000	1.00219758530940384	0.00000000000000000	0.00440000000000000027	0.00000000000000000	1.00219758530940428
1	1.00626428065706719	0.00404265781228011455	0.00000000000000000	-0.00200154800283838721	0.997304516173896927	0.00000000000000000	0.00440000000000000027	62.8318530718001256	0.997385123348437319
2	1.00438966952474229	-0.00481856821346421035	0.00000000000000000	0.00239408418091970748	0.998705537179433112	0.00000000000000000	0.00440000000000000027	125.663706143600734	0.999277686698731515
3	1.00029516992704504	0.00236426392037753213	0.00000000000000000	-0.00118400509791069791	1.00193724429401643	0.00000000000000000	0.00440000000000000027	188.495559215399766	1.00307958467229330
4	1.00757047038731185	0.00231692813145172082	0.00000000000000000	-0.00114435849534495651	0.996342263970234510	0.00000000000000000	0.00440000000000000027	251.327412287200389	0.996026072986220590
5	1.00254014270742631	-0.00448722004885546404	0.00000000000000000	0.00223734794095188996	1.00013661647838004	0.00000000000000000	0.00440000000000000027	314.159265359000244	1.00104836531330355
6	1.00126132750738184	0.00432780612983493188	0.00000000000000000	-0.00216315448703626768	1.00113478392524891	0.00000000000000000	0.00440000000000000027	376.991118430801407	1.00226061331682570
7	1.00791602083089371	0.000100374422137351413	0.00000000000000000	-4.95633084812013847e-05	0.996086366881160146	0.00000000000000000	0.00440000000000000027	439.822971502599614	0.995675833205720062
8	1.00113075287549824	-0.00318058950495078360	0.00000000000000000	0.00159023616023622107	1.00128086435709118	0.00000000000000000	0.00440000000000000027	502.654824574399356	1.00228063552617330
9	1.00292142298852949	0.00549895384821733318	0.00000000000000000	-0.00273979529867108499	0.999836646452280542	0.00000000000000000	0.00440000000000000027	565.486677646195290	1.00068584837554364
10	1.00721301450634515	-0.00201711574908232383	0.00000000000000000	0.000996903835063223803	0.996596125996354942	0.00000000000000000	0.00440000000000000027	628.318530717992758	0.996423554883775209
11	1.00023800811512098	-0.00116227308990496988	0.00000000000000000	0.000582135628037269010	1.00201643914027683	0.00000000000000000	0.00440000000000000027	691.150383789795455	1.00304290069173718
12	1.00493504498570485	0.00556009055349649794	0.00000000000000000	-0.00275978089578419756	0.998316686215374505	0.00000000000000000	0.00440000000000000027	753.982236861594856	0.998653331665220856
13	1.00570279272658936	-0.00349280883597027567	0.00000000000000000	0.00173108421869350290	0.997711671595072458	0.00000000000000000	0.00440000000000000027	816.814089933399259	0.997975113632547428
14	0.999880702369373209	0.00123558760093740814	0.00000000000000000	-0.000619295120907120862	1.00227689927303709	0.00000000000000000	0.00440000000000000027	879.645943005199456	1.00342264075614751
15	1.00669386191022303	0.00446777477602664820	0.00000000000000000	-0.00221035133937291187	0.997009390372791349	0.00000000000000000	0.00440000000000000027	942.477796076997606	0.996849885345028275
16	1.00390969208901337	-0.00400613729539120358	0.00000000000000000	0.00199227122895952007	0.999086275632675713	0.00000000000000000	0.00440000000000000027	1005.30964914880008	0.999695917758013919
17	1.00024808478487848	0.00361255744792065171	0.00000000000000000	-0.00180923573527941458	1.00194321626057214	0.00000000000000000	0.00440000000000000027	1068.14150222059470	1.00316663289240826
18	1.00768756896593792	0.00254242558373277833	0.00000000000000000	-0.00125550233406221618	0.996271985450582154	0.00000000000000000	0.00440000000000000027	1130.97335529239535	0.995838913241082535
19	1.00226928448980046	-0.00350519997315318051	0.00000000000000000	0.00174874212186122051	1.00040289659921333	0.00000000000000000	0.00440000000000000027	1193.80520836419510	1.00115342070552571
20	1.00149050815497453	0.00550368886593479399	0.00000000000000000	-0.00274971384476179349	1.00095850955137911	0.00000000000000000	0.00440000000000000027	1256.63706143599779	1.00200058854358609
21	1.00766037858192115	0.000318639814596151502	0.00000000000000000	-0.000157368037584912574	0.996278335156178696	0.00000000000000000	0.00440000000000000027	1319.46891450779822	0.995911657998491129
22	1.00091678613458335	-0.00209407412712750993	0.00000000000000000	0.00104751211324590008	1.00150143699239691	0.00000000000000000	0.00440000000000000027	1382.30076757961592	1.00232757706156583
23	1.00339223044382186	0.00643309318487593831	0.00000000000000000	-0.00320251070140169757	0.999509984777980476	0.00000000000000000	0.00440000000000000027	1445.13262065140816	1.00008798035655277
24	1.00668657874718925	-0.00163547963963008979	0.00000000000000000	0.000809081631882304850	0.996984105449522540	0.00000000000000000	0.00440000000000000027	1507.96447372321427	0.996937154883995036
25	0.999943330603110470	1.91191043707687053e-05	0.00000000000000000	-9.59292758837297296e-06	1.00225369504394646	0.00000000000000000	0.00440000000000000027	1570.79632679500969	1.00326592093874734
26	1.00539237495125988	0.00614111358908457639	0.00000000000000000	-0.00304573133447775136	0.998011793665720792	0.00000000000000000	0.00440000000000000027	1633.62817986680739	0.998033290012597329
27	1.00518035666072381	-0.00288828441476916787	0.00000000000000000	0.00143293421574464575	0.998129056137443516	0.00000000000000000	0.00440000000000000027	1696.46003293859326	0.998399827730949485
28	0.999636020997550889	0.00250385868268705779	0.00000000000000000	-0.00125550892192036493	1.00245249543020520	0.00000000000000000	0.00440000000000000027	1759.29188601038572	1.00364178195872200
29	1.00691031796882169	0.00476430062529910499	0.00000000000000000	-0.00235621597879914421	0.996881149117659349	0.00000000000000000	0.00440000000000000027	1822.12373908218706	0.996490825399155677
30	1.00354752333125075	-0.00322974951784029156	0.00000000000000000	0.00160743567002279240	0.999432003296434890	0.00000000000000000	0.00440000000000000027	1884.95559215399135	0.999839286981471620
31	1.00028211879308659	0.00489252657911565594	0.00000000000000000	-0.00245013533846310822	1.00192609008982547	0.00000000000000000	0.00440000000000000027	1947.78744522579427	1.00305010243725556
32	1.00754596977198663	0.00272947829128660294	0.00000000000000000	-0.00134826085549006984	0.996393786339202392	0.00000000000000000	0.00440000000000000027	2010.61929829759606	0.995896952819186665
33	1.00193579364342256	-0.00259985739673885543	0.00000000000000000	0.00129803099088410322	1.00073303635518895	0.00000000000000000	0.00440000000000000027	2073.45115136940603	1.00124683362843125
34	1.00182809236717052	0.00660592883299869395	0.00000000000000000	-0.00329860618359710490	1.00073921509637187	0.00000000000000000	0.00440000000000000027	2136.28300444121078	1.00149122792912215
35	1.00720717785551828	0.000572829850767077840	0.00000000000000000	-0.000283261299745489643	0.996619737637998160	0.00000000000000000	0.00440000000000000027	2199.11485751300825	0.996305215213740047
36	1.00046865963652976	-0.00104903912981782455	0.00000000000000000	0.000525095789297848163	1.00187825993044410	0.00000000000000000	0.00440000000000000027	2261.94671058481845	1.00262608061502112
37	1.00382293704446468	0.00718182420944194454	0.00000000000000000	-0.00357273858536632898	0.999234863602970758	0.00000000000000000	0.00440000000000000027	2324.77856365662819	0.999442640064845511
38	1.00617332652713998	-0.00122233491432415312	0.00000000000000000	0.000605174703078614415	0.997398483056609275	0.00000000000000000	0.00440000000000000027	2387.61041672842430	0.997312971568945383
39	0.999502050806641895	0.00121865693699332867	0.00000000000000000	-0.000610976215915643925	1.00259882468996131	0.00000000000000000	0.00440000000000000027	2450.44226980020903	1.00361475131715627
40	1.00567466825301999	0.00654439100025839236	0.00000000000000000	-0.00324396442206791123	0.997849183294722830	0.00000000000000000	0.00440000000000000027	2513.27412287200741	0.997543888531823741
41	1.00478022049619509	-0.00233162773828086718	0.00000000000000000	0.00115807060221324127	0.998510790739415732	0.00000000000000000	0.00440000000000000027	2576.10597594379487	0.998531848329361038
42	0.999448710695140963	0.00380822626173624081	0.00000000000000000	-0.00190999468872012253	1.00261662513347494	0.00000000000000000	0.00440000000000000027	2638.93782901557461	1.00370108741743080
43	1.00687680640835597	0.00496924019763569837	0.00000000000000000	-0.00245753712541188583	0.996937203527850868	0.00000000000000000	0.00440000000000000027	2701.76968208733706	0.996379472504767216
44	1.00314384978366200	-0.00254846065580790516	0.00000000000000000	0.00126980153288727584	0.999830400152463716	0.00000000000000000	0.00440000000000000027	2764.60153515914499	0.999945433763269498
45	1.00043532858835049	0.00611109859160813285	0.00000000000000000	-0.00305939470117102576	1.00185447842667896	0.00000000000000000	0.00440000000000000027	2827.43338823093836	1.00269184744735163
46	1.00718742575897191	0.00290561246159791280	0.00000000000000000	-0.00143594917069739345	0.996673507253782454	0.00000000000000000	0.00440000000000000027	2890.26524130271946	0.996149640502067557
47	1.00137411964587519	-0.00175926631974871990	0.00000000000000000	0.000879653765754071469	1.00121606200419944	0.00000000000000000	0.00440000000000000027	2953.09709437451329	1.00158170869505425
48	1.00217412693718888	0.00750905700172239347	0.00000000000000000	-0.00374701695478263461	1.00053716473651488	0.00000000000000000	0.00440000000000000027	3015.92894744631212	1.00088247432377808
49	1.00674377495283185	0.000829417586921846889	0.00000000000000000	-0.000410029930076237503	0.997000349473785574	0.00000000000000000	0.00440000000000000027	3078.76080051811414	0.996595356090551165
50	0.999853267144890201	-2.19747498671641478e-06	0.00000000000000000	1.39015806471971815e-06	1.00237461174064579	0.00000000000000000	0.00440000000000000027	3141.59265358991252	1.00308292560511458
51	1.00412560250354010	0.00771251384122332781	0.00000000000000000	-0.00383448721579297607	0.999070523218922979	0.00000000000000000	0.00440000000000000027	3204.42450666173363	0.998867808803338808
52	1.00578544862839125	-0.000872614930307720037	0.00000000000000000	0.000432788308733098037	0.997776021454851114	0.00000000000000000	0.00440000000000000027	3267.25635973351473	0.997401274153828510
53	0.999088445019888360	0.00245932599005420967	0.00000000000000000	-0.00123430446948188510	1.00294873657998607	0.00000000000000000	0.00440000000000000027	3330.08821280529446	1.00385243257144485
54	1.00572641634230586	0.00681064439761500454	0.00000000000000000	-0.00337585505078586692	0.997855850700769764	0.00000000000000000	0.00440000000000000027	3392.92006587709466	0.997287153415679084
55	1.00436068848366844	-0.00188839625358673199	0.00000000000000000	0.000938872123681181283	0.998932817379733606	0.00000000000000000	0.00440000000000000027	3455.75191894889622	0.998597401839672605
56	0.999381102502764573	0.00507196647049687910	0.00000000000000000	-0.00254443707473701267	1.00272179709251952	0.00000000000000000	0.00440000000000000027	3518.58377202071870	1.00352076409971969
57	1.00661596541772802	0.00512175531884016301	0.00000000000000000	-0.00253428681215626429	0.997153299436022822	0.00000000000000000	0.00440000000000000027	3581.41562509250389	0.996490860580294124
58	1.00252115695905242	-0.00195478692111482680	0.00000000000000000	0.000975316298060587873	1.00037631373950586	0.00000000000000000	0.00440000000000000027	3644.24747816429726	1.00027582382485369
59	1.00064223211058545	0.00713359858527771572	0.00000000000000000	-0.00357031088404245744	1.00176696311584412	0.00000000000000000	0.00440000000000000027	3707.07933123609791	1.00216773270646997
60	1.00679895133503594	0.00305698564048587692	0.00000000000000000	-0.00151195303632995978	0.997001429349316237	0.00000000000000000	0.00440000000000000027	3769.91118430789857	0.996338952034638181
61	1.00062613793076460	-0.000934047068601924838	0.00000000000000000	0.000467863613919657518	1.00182951898423944	0.00000000000000000	0.00440000000000000027	3832.74303737968967	1.00211484319237543
62	1.00244525655044070	0.00816783491278614930	0.00000000000000000	-0.00407415763312762684	1.00040919911297599	0.00000000000000000	0.00440000000000000027	3895.57489045149850	1.00029124821057391
63	1.00640855676862717	0.00100768911643770321	0.00000000000000000	-0.000498639692019419573	0.997341570743249806	0.00000000000000000	0.00440000000000000027	3958.40674352329688	0.996601159782893320
64	0.999231218332731652	0.00108585670274661053	0.00000000000000000	-0.000544754814420427523	1.00289570230061154	0.00000000000000000	0.00440000000000000027	4021.23859659510026	1.00348637402306617
65	1.00422623362530938	0.00806781470879028989	0.00000000000000000	-0.00401078988644662428	0.999054181380846562	0.00000000000000000	0.00440000000000000027	4084.07044966689864	0.998506867769394457
66	1.00540186582240398	-0.000656496408996749131	0.00000000000000000	0.000325917340442950093	0.998179733667540758	0.00000000000000000	0.00440000000000000027	4146.90230273869929	0.997381520989202852
67	0.998783912262015017	0.00368085036389698139	0.00000000000000000	-0.00184879637614746711	1.00324332707967057	0.00000000000000000	0.00440000000000000027	4209.73415581052541	1.00387844159879047
68	1.00554862546861989	0.00698668046258733074	0.00000000000000000	-0.00346447190043515374	0.998019127029242004	0.00000000000000000	0.00440000000000000027	4272.56600888233697	0.997271080005815214
69	1.00373521997289572	-0.00155932628270914969	0.00000000000000000	0.000776297397338249445	0.999494437292286153	0.00000000000000000	0.00440000000000000027	4335.39786195414308	0.998878925109774940
70	0.999405421194319188	0.00615297051686701339	0.00000000000000000	-0.00308705724672212519	1.00278224609512079	0.00000000000000000	0.00440000000000000027	4398.22971502596829	1.00314930996479656
71	1.00630952772171711	0.00522164498549038125	0.00000000000000000	-0.00258539255730274187	0.997422872087993850	0.00000000000000000	0.00440000000000000027	4461.06156809774166	0.996573025154515735
72	1.00169613012437919	-0.00139990239944765178	0.00000000000000000	0.000699660741625914712	1.00106172000029292	0.00000000000000000	0.00440000000000000027	4523.89342116949774	1.00082526067725142
73	1.00083018506364207	0.00789591611788255376	0.00000000000000000	-0.00395103807849534437	1.00171406430479992	0.00000000000000000	0.00440000000000000027	4586.72527424130021	1.00161113696056225
74	1.00654189379922165	0.00311235924953410029	0.00000000000000000	-0.00154033824143651361	0.997285668634461886	0.00000000000000000	0.00440000000000000027	4649.55712731313997	0.996246314440299319
75	0.999834700436435742	-7.52810567315577786e-05	0.00000000000000000	3.79972552870862929e-05	1.00248961099123579	0.00000000000000000	0.00440000000000000027	4712.38898038495336	1.00264913765197572
76	1.00254991903155077	0.00862101244754484922	0.00000000000000000	-0.00429988058130447402	1.00040298689526996	0.00000000000000000	0.00440000000000000027	4775.22083345672308	0.999862183583589581
77	1.00610338926818810	0.00103081780334572399	0.00000000000000000	-0.000510474915738789829	0.997692689148164780	0.00000000000000000	0.00440000000000000027	4838.05268652851282	0.996478363123971644
78	0.998696960217183238	0.00217441761906649045	0.00000000000000000	-0.00109233088699408135	1.00337295747639299	0.00000000000000000	0.00440000000000000027	4900.88453960031711	1.00371440607682372
79	1.00410203080247951	0.00830219504459847601	0.00000000000000000	-0.00412851145171711821	0.999186434658664746	0.00000000000000000	0.00440000000000000027	4963.71639267214141	0.998398054745401997
80	1.00483021087210922	-0.000582635627385873038	0.00000000000000000	0.000289638648814396354	0.998711966457908495	0.00000000000000000	0.00440000000000000027	5026.54824574394752	0.997564879781099090
81	0.998599496536597520	0.00474293878184066462	0.00000000000000000	-0.00238346117081005612	1.00347137665946895	0.00000000000000000	0.00440000000000000027	5089.38009881573453	1.00368569803378960
82	1.00531341171729882	0.00708615196557816230	0.00000000000000000	-0.00351556729999447570	0.998237893550006472	0.00000000000000000	0.00440000000000000027	5152.21195188753063	0.997263893466798335
83	1.00289601707120468	-0.00129642835307658020	0.00000000000000000	0.000646545979596621374	1.00020160103150824	0.00000000000000000	0.00440000000000000027	5215.04380495937130	0.999398161146209496
84	0.999465903598921179	0.00697214499361573700	0.00000000000000000	-0.00349821749895430807	1.00283792892317281	0.00000000000000000	0.00440000000000000027	5277.87565803114740	1.00267723062322056
85	1.00613833533736874	0.00521067448530591545	0.00000000000000000	-0.00258114579924089305	0.997642718975061737	0.00000000000000000	0.00440000000000000027	5340.70751110295623	0.996383879112778037
86	1.00079110928090964	-0.000826217771828401289	0.00000000000000000	0.000413784568408056240	1.00181535942543931	0.00000000000000000	0.00440000000000000027	5403.53936417474961	1.00144197748754782
87	1.00089197195588953	0.00843322105332556908	0.00000000000000000	-0.00421996893838193655	1.00175330515001781	0.00000000000000000	0.00440000000000000027	5466.37121724652570	1.00118392511137189
88	1.00634292689495863	0.00299353876801123752	0.00000000000000000	-0.00148235929518234725	0.997561105787633240	0.00000000000000000	0.00440000000000000027	5529.20307031833909	0.995993598189326423
89	0.999101012076860084	0.000797724344847405495	0.00000000000000000	-0.000400312734303996838	1.00312361861936417	0.00000000000000000	0.00440000000000000027	5592.03492339012428	1.00305554288247611
90	1.00243992585845776	0.00893012949881629402	0.00000000000000000	-0.00445532206079877081	1.00053381645061634	0.00000000000000000	0.00440000000000000027	5654.86677646187582	0.999705707242331654
91	1.00563365605049726	0.000882522566197648396	0.00000000000000000	-0.000437474754059117427	0.998157484232341963	0.00000000000000000	0.00440000000000000027	5717.69862953367829	0.996520945031522776
92	0.998299151417043729	0.00313250082177367155	0.00000000000000000	-0.00157516747765630051	1.00377048352763443	0.00000000000000000	0.00440000000000000027	5780.53048260545802	1.00371655550199024
93	1.00391178606842502	0.00844130126225479949	0.00000000000000000	-0.00419948869453834819	0.999373574552408384	0.00000000000000000	0.00440000000000000027	5843.36233567724321	0.998331293468087022
94	1.00403969856879449	-0.000606195699784911352	0.00000000000000000	0.000301803609338795143	0.999391675585301509	0.00000000000000000	0.00440000000000000027	5906.19418874902749	0.998004502961304496
95	0.998502061098019977	0.00555402907574250281	0.00000000000000000	-0.00279210477016731112	1.00365826420159721	0.00000000000000000	0.00440000000000000027	5969.02604182086543	1.00333755239919831
96	1.00521754286996456	0.00706414970199896637	0.00000000000000000	-0.00350577542904139186	0.998399438269631179	0.00000000000000000	0.00440000000000000027	6031.85789489265244	0.996999358083924259
97	1.00194344322956130	-0.00103695388509360449	0.00000000000000000	0.000518155727536096650	1.00099604568294853	0.00000000000000000	0.00440000000000000027	6094.68974796445309	1.00002575491430412
98	0.999442875535853759	0.00755710849399219252	0.00000000000000000	-0.00379248554139718919	1.00295457993044845	0.00000000000000000	0.00440000000000000027	6157.52160103622828	1.00229596533795884
99	1.00605537163119507	0.00500986834026800974	0.00000000000000000	-0.00248255005356002104	0.997832581730448975	0.00000000000000000	0.00440000000000000027	6220.35345410803802	0.996002176738092881
100	0.999907996754105022	-0.000233201179534780426	0.00000000000000000	0.000117160072915671381	1.00256439980168133	0.00000000000000000	0.00440000000000000027	6283.18530717984413	1.00199547906425557
