0	1.00000000000000000	0.00000000000000000	0.00000000000000000	-0.00000000000000000	1.00219758530940384	0.00000000000000000	0.00440000000000000027	0.00000000000000000	1.00219758530940428
1	1.00430010873005071	0.00145501968476400515	0.00000000000000000	-0.000723294951830764574	0.999009513438448349	0.00000000000000000	0.00440000000000000027	62.8318530718002677	0.998221877046935768
2	1.00029347670106228	-0.00294141724269315679	0.00000000000000000	0.00147246019945654815	1.00167232653541838	0.00000000000000000	0.00440000000000000027	125.663706143600365	1.00317227659111996
3	0.999675130598992823	0.00189146510442727124	0.00000000000000000	-0.000947861386691245360	1.00207280111500152	0.00000000000000000	0.00440000000000000027	188.495559215399737	1.00396758615394144
4	1.00394117214373657	-0.00199370284840956176	0.00000000000000000	0.000991600440849867062	0.999176825444834771	0.00000000000000000	0.00440000000000000027	251.327412287198968	0.998765186437092112
5	0.999836554613459882	-0.00156128977345656918	0.00000000000000000	0.000782593871885158519	1.00231213607657232	0.00000000000000000	0.00440000000000000027	314.159265359000074	1.00308741725389328
6	1.00422462333082629	0.000914991602196582945	0.00000000000000000	-0.000454983135878850439	0.999173827004352977	0.00000000000000000	0.00440000000000000027	376.991118430801123	0.998020213031098113
7	1.00100089499382339	-0.00391355914649633551	0.00000000000000000	0.00195698949380429532	1.00130406324647736	0.00000000000000000	0.00440000000000000027	439.822971502604105	1.00198916353963008
8	0.999219051289106375	0.000960161342719602871	0.00000000000000000	-0.000481607079514469009	1.00246804148742874	0.00000000000000000	0.00440000000000000027	502.654824574405836	1.00425879852838640
9	1.00330120881604712	-0.00239981871404445352	0.00000000000000000	0.00119490731262193641	0.999592613548519360	0.00000000000000000	0.00440000000000000027	565.486677646201770	0.999425678255129513
10	0.999376944558846070	-0.00290899205969916618	0.00000000000000000	0.00145933743223760791	1.00263933274230399	0.00000000000000000	0.00440000000000000027	628.318530717998101	1.00344815906739049
11	1.00366893516290978	0.000497955585266065441	0.00000000000000000	-0.000247904518158663508	0.999681139533513785	0.00000000000000000	0.00440000000000000027	691.150383789794887	0.998275485805182217
12	1.00164795207519841	-0.00462103731474048599	0.00000000000000000	0.00230870083729242713	1.00103237002602574	0.00000000000000000	0.00440000000000000027	753.982236861598608	1.00068618619378324
13	0.998885897429106384	0.000257294195513230531	0.00000000000000000	-0.000129168167357153994	1.00286911371895959	0.00000000000000000	0.00440000000000000027	816.814089933398350	1.00411938534882528
14	1.00262806321793185	-0.00253848553128950332	0.00000000000000000	0.00126556278260817057	1.00010906220171725	0.00000000000000000	0.00440000000000000027	879.645943005199115	0.999891818379563424
15	0.998719757151664722	-0.00385732531191827332	0.00000000000000000	0.00193743560754424705	1.00312240399615193	0.00000000000000000	0.00440000000000000027	942.477796077004541	1.00393411411657607
16	1.00267415600581966	0.000298561403115453483	0.00000000000000000	-0.000148927775710301635	1.00048440951447692	0.00000000000000000	0.00440000000000000027	1005.30964914880974	0.998999017627691388
17	1.00210325220222396	-0.00492769831651443044	0.00000000000000000	0.00246059247366829485	1.00090224825375040	0.00000000000000000	0.00440000000000000027	1068.14150222060630	0.999531022605973485
18	0.998611007759512281	-0.000213678721147564539	0.00000000000000000	0.000107359791342655914	1.00328604005522815	0.00000000000000000	0.00440000000000000027	1130.97335529241491	1.00373578303760946
19	1.00215951378849577	-0.00230316992932442935	0.00000000000000000	0.00114944676237958149	1.00057261148264076	0.00000000000000000	0.00440000000000000027	1193.80520836421397	0.999901565166643080
20	0.998024006831882082	-0.00427653197512436675	0.00000000000000000	0.00215084612937645799	1.00366163530376151	0.00000000000000000	0.00440000000000000027	1256.63706143601871	1.00438160719028002
21	1.00136517817381065	0.000368654233894488356	0.00000000000000000	-0.000184347639971700270	1.00148160819506904	0.00000000000000000	0.00440000000000000027	1319.46891450781891	1.00010288496951150
22	1.00229530659705368	-0.00477028049340761859	0.00000000000000000	0.00238172746891921437	1.00092621835701046	0.00000000000000000	0.00440000000000000027	1382.30076757961433	0.998722833065969207
23	0.998356625975671763	-0.000470896184293756632	0.00000000000000000	0.000236784443605072246	1.00369921836891618	0.00000000000000000	0.00440000000000000027	1445.13262065140725	1.00330169815564885
24	1.00199529336037596	-0.00166512850911023258	0.00000000000000000	0.000831513613918317962	1.00089064499057034	0.00000000000000000	0.00440000000000000027	1507.96447372320654	0.999431520879363822
25	0.997480250817875280	-0.00415975631203238660	0.00000000000000000	0.00209441310747585140	1.00412401139119178	0.00000000000000000	0.00440000000000000027	1570.79632679500492	1.00459157906169017
26	0.999948545701095481	0.000730007597495277612	0.00000000000000000	-0.000366002044752335338	1.00252193432727421	0.00000000000000000	0.00440000000000000027	1633.62817986680329	1.00139877920194897
27	1.00222190066515693	-0.00416475791321209085	0.00000000000000000	0.00207999129697609411	1.00108009903178585	0.00000000000000000	0.00440000000000000027	1696.46003293860872	0.998362884642103765
28	0.998101258492467225	-0.000527447406931816050	0.00000000000000000	0.000265417962380244069	1.00407386168056756	0.00000000000000000	0.00440000000000000027	1759.29188601042119	1.00299213822833888
29	1.00206706729244988	-0.000669298176060706624	0.00000000000000000	0.000334290521382238489	1.00105524874175567	0.00000000000000000	0.00440000000000000027	1822.12373908222298	0.998713643370455317
30	0.997291730085103856	-0.00364832739945893970	0.00000000000000000	0.00183780761145202216	1.00435541595022793	0.00000000000000000	0.00440000000000000027	1884.95559215402045	1.00438783249703967
31	0.998687897257137136	0.00136803146060867666	0.00000000000000000	-0.000687460100329979548	1.00342686977401319	0.00000000000000000	0.00440000000000000027	1947.78744522582178	1.00262993265233002
32	1.00194380931610993	-0.00318226052195202946	0.00000000000000000	0.00159017555262250428	1.00130523794914028	0.00000000000000000	0.00440000000000000027	2010.61929829762175	0.998446578037272436
33	0.997844730865073637	-0.000416978400431425571	0.00000000000000000	0.000209963133965554872	1.00436929514297102	0.00000000000000000	0.00440000000000000027	2073.45115136942240	1.00291609290261130
34	1.00222260728955326	0.000569436431739741167	0.00000000000000000	-0.000284411576068144181	1.00111613119565313	0.00000000000000000	0.00440000000000000027	2136.28300444121487	0.998066518810339587
35	0.997611439321916427	-0.00292703183240941925	0.00000000000000000	0.00147383733164276921	1.00423192322258115	0.00000000000000000	0.00440000000000000027	2199.11485751300870	1.00368477659364541
36	0.997843020979719220	0.00221191595655799910	0.00000000000000000	-0.00111322667819378166	1.00402606629837554	0.00000000000000000	0.00440000000000000027	2261.94671058479662	1.00349976237885907
37	1.00157244146226598	-0.00194017667288239981	0.00000000000000000	0.000970084909093551161	1.00151819509086004	0.00000000000000000	0.00440000000000000027	2324.77856365660136	0.998896762308881025
38	0.997611571871418912	-0.000190133992361553490	0.00000000000000000	9.57786777342033158e-05	1.00454573179612838	0.00000000000000000	0.00440000000000000027	2387.61041672840793	1.00310447668723457
39	1.00232792761279255	0.00188479381418144975	0.00000000000000000	-0.000941321494569898228	1.00113015063275101	0.00000000000000000	0.00440000000000000027	2450.44226980020994	0.997741776535963520
40	0.998427812173410145	-0.00213860652625574334	0.00000000000000000	0.00107538887689879407	1.00373913902643430	0.00000000000000000	0.00440000000000000027	2513.27412287201560	1.00257308615618568
41	0.997552552968171469	0.00313729854219731152	0.00000000000000000	-0.00157977772278778544	1.00422696458546645	0.00000000000000000	0.00440000000000000027	2576.10597594381761	1.00386694479633576
42	1.00127178120436322	-0.000606962868043983651	0.00000000000000000	0.000303592548045868225	1.00161506625424757	0.00000000000000000	0.00440000000000000027	2638.93782901560962	0.999496408329318964
43	0.997439660069322831	9.10752907824943607e-05	0.00000000000000000	-4.58896081158076223e-05	1.00457655095174325	0.00000000000000000	0.00440000000000000027	2701.76968208743892	1.00352660479935984
44	1.00230010184391527	0.00310950503903627447	0.00000000000000000	-0.00155302599738898757	1.00114039724617720	0.00000000000000000	0.00440000000000000027	2764.60153515923776	0.997870483035212086
45	0.999568271532162878	-0.00140191241142552836	0.00000000000000000	0.000703551707681802658	1.00297155806973515	0.00000000000000000	0.00440000000000000027	2827.43338823103386	1.00129030462332036
46	0.997753556939770525	0.00394863426769576260	0.00000000000000000	-0.00198753985782865400	1.00407065654664995	0.00000000000000000	0.00440000000000000027	2890.26524130283133	1.00379224901641484
47	1.00124398427135097	0.000632563097699008654	0.00000000000000000	-0.000316331889878256577	1.00148686279322119	0.00000000000000000	0.00440000000000000027	2953.09709437463425	0.999948507714727097
48	0.997380768038692689	0.000350384851872522635	0.00000000000000000	-0.000176502640358460958	1.00444770943378958	0.00000000000000000	0.00440000000000000027	3015.92894744643354	1.00407857185468274
49	1.00209689801711832	0.00409441032549560067	0.00000000000000000	-0.00204533691129281034	1.00117900137744753	0.00000000000000000	0.00440000000000000027	3078.76080051822055	0.998490704102571014
50	1.00080804441363114	-0.000813468393083478444	0.00000000000000000	0.000407322786394821550	1.00206752337504823	0.00000000000000000	0.00440000000000000027	3141.59265359005030	1.00010365426037695
51	0.998261382827580923	0.00440675402651396000	0.00000000000000000	-0.00221597652804473612	1.00368577686340021	0.00000000000000000	0.00440000000000000027	3204.42450666185960	1.00346306161289434
52	1.00163690391429783	0.00162411667437708032	0.00000000000000000	-0.000811434390713275736	1.00107633743613111	0.00000000000000000	0.00440000000000000027	3267.25635973365888	0.999975423486001658
53	0.997496180457641546	0.000505983174308086842	0.00000000000000000	-0.000254723213870683418	1.00415583555530241	0.00000000000000000	0.00440000000000000027	3330.08821280547136	1.00459694825075507
54	1.00172000063820055	0.00471137710020392945	0.00000000000000000	-0.00235447029353608736	1.00126224996023838	0.00000000000000000	0.00440000000000000027	3392.92006587725291	0.999515852079175371
55	1.00194255978726243	-0.000441893500505673859	0.00000000000000000	0.000220821532496379841	1.00116874504732190	0.00000000000000000	0.00440000000000000027	3455.75191894906584	0.999226337063831793
56	0.998878652988995697	0.00435132732575633629	0.00000000000000000	-0.00218554048701249427	1.00321249689865133	0.00000000000000000	0.00440000000000000027	3518.58377202084966	1.00307765367586410
57	1.00242437831417375	0.00225821620229865044	0.00000000000000000	-0.00112650489148498519	1.00043459271341950	0.00000000000000000	0.00440000000000000027	3581.41562509265259	0.999506777734273877
58	0.997829540032277307	0.000454201475163638847	0.00000000000000000	-0.000228437285770247806	1.00371628862583351	0.00000000000000000	0.00440000000000000027	3644.24747816445552	1.00488562155682937
59	1.00122754209533471	0.00488331728655293576	0.00000000000000000	-0.00244173624727397898	1.00138293552082369	0.00000000000000000	0.00440000000000000027	3707.07933123625389	1.00079742767783175
60	1.00281830282365236	-0.000334899839165540489	0.00000000000000000	0.000167087581322013755	1.00039770413475892	0.00000000000000000	0.00440000000000000027	3769.91118430805318	0.998769405391610299
61	0.999428837075087562	0.00375740798879676619	0.00000000000000000	-0.00188518311244159501	1.00277219794803729	0.00000000000000000	0.00440000000000000027	3832.74303737984928	1.00281494232774238
62	1.00339181165109448	0.00250018948640623202	0.00000000000000000	-0.00124494524515948203	0.999713714656733310	0.00000000000000000	0.00440000000000000027	3895.57489045164311	0.998739457841124945
63	0.998404025384267313	6.39243761749556938e-05	0.00000000000000000	-3.20412138660299342e-05	1.00315435380452489	0.00000000000000000	0.00440000000000000027	3958.40674352344422	1.00476940853325281
64	1.00072893431887056	0.00460968326693725686	0.00000000000000000	-0.00230620719516644486	1.00151501242275476	0.00000000000000000	0.00440000000000000027	4021.23859659523396	1.00205260491410009
65	1.00334656714409487	-0.000502036569079580526	0.00000000000000000	0.000250134514394347431	0.999841496712213007	0.00000000000000000	0.00440000000000000027	4084.07044966704461	0.998753318667747414
66	0.999777370615622440	0.00269583737543358350	0.00000000000000000	-0.00135154843619325745	1.00245607576097040	0.00000000000000000	0.00440000000000000027	4146.90230273882116	1.00278969938256601
67	1.00424476796815654	0.00239270168852356684	0.00000000000000000	-0.00118957023256049087	0.999105931297705419	0.00000000000000000	0.00440000000000000027	4209.73415581062181	0.997995002737806169
68	0.999221940421696986	-0.000718525990236213580	0.00000000000000000	0.000360505141472918129	1.00249981168444036	0.00000000000000000	0.00440000000000000027	4272.56600888238518	1.00416305104125891
69	1.00035199371364225	0.00396236190682982929	0.00000000000000000	-0.00198323010751755291	1.00162561451941512	0.00000000000000000	0.00440000000000000027	4335.39786195418765	1.00300240414015196
70	1.00350628524779784	-0.000900282741513548776	0.00000000000000000	0.000448241256835407156	0.999545443888587459	0.00000000000000000	0.00440000000000000027	4398.22971502597284	0.999099889903343419
71	0.999849676438201551	0.00130331884869332344	0.00000000000000000	-0.000653205177603351748	1.00231934094118058	0.00000000000000000	0.00440000000000000027	4461.06156809776076	1.00303644349234711
72	1.00474001040426963	0.00201851190151502817	0.00000000000000000	-0.00100264764901249193	0.998769053461931677	0.00000000000000000	0.00440000000000000027	4523.89342116957596	0.997539961028383937
73	1.00019889882946345	-0.00178423075841939883	0.00000000000000000	0.000893515572274043365	1.00182115809356898	0.00000000000000000	0.00440000000000000027	4586.72527424136479	1.00312491212583321
74	1.00016302730838169	0.00308082092115831343	0.00000000000000000	-0.00154239506459540455	1.00170687576531448	0.00000000000000000	0.00440000000000000027	4649.55712731319272	1.00344608215632003
75	1.00335980616929032	-0.00144637439381806784	0.00000000000000000	0.000720116352691082748	0.999501305465005929	0.00000000000000000	0.00440000000000000027	4712.38898038498883	0.999630637188280491
76	0.999628423133819610	-0.000232003771802184820	0.00000000000000000	0.000116400015619711698	1.00238740665709369	0.00000000000000000	0.00440000000000000027	4775.22083345680039	1.00351997659697978
77	1.00474193484358598	0.00149242664006555030	0.00000000000000000	-0.000741328904469615822	0.998790315058557643	0.00000000000000000	0.00440000000000000027	4838.05268652862742	0.997539746711267328
78	1.00115359678646731	-0.00293257469969659002	0.00000000000000000	0.00146618735504718770	1.00122808245053885	0.00000000000000000	0.00440000000000000027	4900.88453960042534	1.00187557627367241
79	1.00009187846278103	0.00212341720924611073	0.00000000000000000	-0.00106327840035264944	1.00181436460085593	0.00000000000000000	0.00440000000000000027	4963.71639267220417	1.00343427259272056
80	1.00306888981773490	-0.00201678732603326975	0.00000000000000000	0.00100450291443967589	0.999635622651061539	0.00000000000000000	0.00440000000000000027	5026.54824574402028	1.00006636201453514
81	0.999157074338229312	-0.00169808072766469524	0.00000000000000000	0.000852105417334781019	1.00265324525033983	0.00000000000000000	0.00440000000000000027	5089.38009881582002	1.00414185481599394
82	1.00421285930625093	0.000948083584085830655	0.00000000000000000	-0.000471378306342210007	0.999191220666304614	0.00000000000000000	0.00440000000000000027	5152.21195188760976	0.998038621644316892
83	1.00190222293664366	-0.00395658086940149385	0.00000000000000000	0.00197580283735195039	1.00081740348912374	0.00000000000000000	0.00440000000000000027	5215.04380495943224	1.00067617344872772
84	0.999995861394531893	0.00119356703573453293	0.00000000000000000	-0.000597866733506654570	1.00202935419303385	0.00000000000000000	0.00440000000000000027	5277.87565803122197	1.00314656744264030
85	1.00283570483702777	-0.00244687310676846431	0.00000000000000000	0.00121928781632890887	0.999840880447393054	0.00000000000000000	0.00440000000000000027	5340.70751110300534	1.00011310871728121
86	0.998545287156723194	-0.00288305090210742593	0.00000000000000000	0.00144823291488931755	1.00306719723165871	0.00000000000000000	0.00440000000000000027	5403.53936417482510	1.00473715440526234
87	1.00320530851548417	0.000507530522969604214	0.00000000000000000	-0.000252774144350839105	0.999931847554843434	0.00000000000000000	0.00440000000000000027	5466.37121724661665	0.998976190935290442
88	1.00232376451863603	-0.00468021606682679937	0.00000000000000000	0.00233578420290447928	1.00064407701011082	0.00000000000000000	0.00440000000000000027	5529.20307031843095	0.999750118260778309
89	0.999772745469351576	0.000362280279795432897	0.00000000000000000	-0.000181562486486280643	1.00239062834676407	0.00000000000000000	0.00440000000000000027	5592.03492339021523	1.00279873322496704
90	1.00277499318474073	-0.00258658780996240010	0.00000000000000000	0.00128932928737969174	1.00004057928753398	0.00000000000000000	0.00440000000000000027	5654.86677646197677	0.999652908743330015
91	0.997942412150266134	-0.00363028060897321999	0.00000000000000000	0.00182566890824296859	1.00354301475182561	0.00000000000000000	0.00440000000000000027	5717.69862953375286	1.00510627590655321
92	1.00187105333318272	0.000275926553482742074	0.00000000000000000	-0.000137746023728300038	1.00090632667106272	0.00000000000000000	0.00440000000000000027	5780.53048260553078	1.00020817653474614
93	1.00237504024436785	-0.00498981947852518773	0.00000000000000000	0.00249047434358969913	1.00071727785903919	0.00000000000000000	0.00440000000000000027	5843.36233567734143	0.999213652676508302
94	0.999381454185949591	-0.000292940700054464156	0.00000000000000000	0.000147072095402716018	1.00288381423786843	0.00000000000000000	0.00440000000000000027	5906.19418874916573	1.00257091080057936
95	1.00285251499232686	-0.00234462448293446370	0.00000000000000000	0.00116896860824490956	1.00021757328498917	0.00000000000000000	0.00440000000000000027	5969.02604182093182	0.998846871906879374
96	0.997513188697098041	-0.00392177477900741440	0.00000000000000000	0.00197413148695394771	1.00396318499956272	0.00000000000000000	0.00440000000000000027	6031.85789489274975	1.00508813091294469
97	1.00045386711630502	0.000343507969157167607	0.00000000000000000	-0.000171948724931728417	1.00195137782222110	0.00000000000000000	0.00440000000000000027	6094.68974796453585	1.00147908389626883
98	1.00209306046940649	-0.00483544390024304594	0.00000000000000000	0.00241494577569133749	1.00099627422803916	0.00000000000000000	0.00440000000000000027	6157.52160103632286	0.999100473524042410
99	0.998830389838204602	-0.000712077121812386762	0.00000000000000000	0.000357868622110971146	1.00345815335705568	0.00000000000000000	0.00440000000000000027	6220.35345410812261	1.00259165761743474
100	1.00294187395914780	-0.00169739622685393049	0.00000000000000000	0.000846465692362564763	1.00039690866909114	0.00000000000000000	0.00440000000000000027	6283.18530717992962	0.998007942090171185
