0	1.00000000000000000	0.00000000000000000	0.00000000000000000	-0.00000000000000000	1.00219758530940384	0.00000000000000000	0.00440000000000000027	0.00000000000000000	1.00219758530940428
1	1.00001079491971456	9.73791446300183335e-05	0.00000000000000000	-4.87914621877735821e-05	1.00218921823984042	0.00000000000000000	0.00440000000000000027	62.8318530718001256	1.00237874982875574
2	1.00004270554925045	0.000188462114774778141	0.00000000000000000	-9.44352027075425100e-05	1.00216450738063889	0.00000000000000000	0.00440000000000000027	125.663706143601189	1.00234646565056185
3	1.00009432854731051	0.000267143698154640070	0.00000000000000000	-0.000133838362409524105	1.00212460723847996	0.00000000000000000	0.00440000000000000027	188.495559215401812	1.00229432501362492
4	1.00016338748061573	0.000327970756516204193	0.00000000000000000	-0.000164294261267239339	1.00207138768461279	0.00000000000000000	0.00440000000000000027	251.327412287201412	1.00222296529943833
5	1.00024682348546712	0.000366187900001658725	0.00000000000000000	-0.000183408521589396162	1.00200735554497578	0.00000000000000000	0.00440000000000000027	314.159265359002006	1.00213633959792880
6	1.00034091616490328	0.000378074135942960826	0.00000000000000000	-0.000189332666663642648	1.00193555049651439	0.00000000000000000	0.00440000000000000027	376.991118430799986	1.00203600629783485
7	1.00044142952532389	0.000361029253156618622	0.00000000000000000	-0.000180766799030593816	1.00185942037938225	0.00000000000000000	0.00440000000000000027	439.822971502601433	1.00192668305776467
8	1.00054377678650019	0.000313744147174490826	0.00000000000000000	-0.000157069190939333053	1.00178268154489558	0.00000000000000000	0.00440000000000000027	502.654824574400379	1.00181308482142284
9	1.00064319770191923	0.000236229871882282644	0.00000000000000000	-0.000118249178491756056	1.00170917016245431	0.00000000000000000	0.00440000000000000027	565.486677646196995	1.00169804068003110
10	1.00073494185739964	0.000129867273323627466	0.00000000000000000	-6.50065116433963183e-05	1.00164269021811880	0.00000000000000000	0.00440000000000000027	628.318530717999352	1.00158405470947764
11	1.00081445170579642	-2.64918816736837287e-06	0.00000000000000000	1.30924540150609281e-06	1.00158686362385962	0.00000000000000000	0.00440000000000000027	691.150383789799548	1.00147973821254377
12	1.00087753934709145	-0.000157369034013273186	0.00000000000000000	7.87153810855615796e-05	1.00154498733629871	0.00000000000000000	0.00440000000000000027	753.982236861600768	1.00138570684797279
13	1.00092055148470482	-0.000329245855013217056	0.00000000000000000	0.000164691319560936536	1.00151990187548412	0.00000000000000000	0.00440000000000000027	816.814089933399373	1.00130609788639346
14	1.00094051736079703	-0.000512302182492078376	0.00000000000000000	0.000256256807905580822	1.00151387511096712	0.00000000000000000	0.00440000000000000027	879.645943005196273	1.00124375475846872
15	1.00093527491762879	-0.000699842427926489815	0.00000000000000000	0.000350079111460337915	1.00152850472633959	0.00000000000000000	0.00440000000000000027	942.477796076995105	1.00120236527127693
16	1.00090357091408699	-0.000884667503682036839	0.00000000000000000	0.000442566241929591517	1.00156464233651610	0.00000000000000000	0.00440000000000000027	1005.30964914879269	1.00118306550489855
17	1.00084513118193486	-0.00105938322293906598	0.00000000000000000	0.000530042432127160218	1.00162234174451936	0.00000000000000000	0.00440000000000000027	1068.14150222059220	1.00118679054417070
18	1.00076069812756852	-0.00121658740493332633	0.00000000000000000	0.000608795235800657728	1.00170083345364125	0.00000000000000000	0.00440000000000000027	1130.97335529239808	1.00121356121417016
19	1.00065203285960624	-0.00134932576922339609	0.00000000000000000	0.000675389613117540876	1.00179852671995295	0.00000000000000000	0.00440000000000000027	1193.80520836419669	1.00126277003583541
20	1.00052188150739219	-0.00145108585496886910	0.00000000000000000	0.000726522776793883402	1.00191304039677886	0.00000000000000000	0.00440000000000000027	1256.63706143600871	1.00133288951577804
21	1.00037390441368657	-0.00151632561286294356	0.00000000000000000	0.000759422503551315277	1.00204126209916056	0.00000000000000000	0.00440000000000000027	1319.46891450781391	1.00142202448758533
22	1.00021257044225353	-0.00154055252354876678	0.00000000000000000	0.000771808728705063868	1.00217943562415868	0.00000000000000000	0.00440000000000000027	1382.30076757960614	1.00152538114380385
23	1.00004301784167615	-0.00152060795224205798	0.00000000000000000	0.000762078307973544471	1.00232327469281368	0.00000000000000000	0.00440000000000000027	1445.13262065140543	1.00164000658500374
24	0.999870885634255968	-0.00145477852915271242	0.00000000000000000	0.000729338166700520089	1.00246810086417826	0.00000000000000000	0.00440000000000000027	1507.96447372321109	1.00176274941156174
25	0.999702119833640546	-0.00134294051782495646	0.00000000000000000	0.000673496401171344398	1.00260900210920356	0.00000000000000000	0.00440000000000000027	1570.79632679501378	1.00188748046449994
26	0.999542760404327435	-0.00118659688576240509	0.00000000000000000	0.000595273364485247002	1.00274100778655173	0.00000000000000000	0.00440000000000000027	1633.62817986680830	1.00201019017542947
27	0.999398715575100849	-0.000988912845555689479	0.00000000000000000	0.000496240626795517621	1.00285927453119195	0.00000000000000000	0.00440000000000000027	1696.46003293860508	1.00212521406041888
28	0.999275531474789758	-0.000754617764644065908	0.00000000000000000	0.000378756400243721036	1.00295927664395546	0.00000000000000000	0.00440000000000000027	1759.29188601040187	1.00222824486170237
29	0.999178165650782879	-0.000489920798583083801	0.00000000000000000	0.000245945411168826435	1.00303699335841534	0.00000000000000000	0.00440000000000000027	1822.12373908219638	1.00231608941891048
30	0.999110774178322281	-0.000202278058830023498	0.00000000000000000	0.000101559608236000826	1.00308908466238522	0.00000000000000000	0.00440000000000000027	1884.95559215399203	1.00238353107837885
31	0.999076522257295485	9.98497585893671027e-05	0.00000000000000000	-5.01430139164425401e-05	1.00311304665724355	0.00000000000000000	0.00440000000000000027	1947.78744522578540	1.00242817522843097
32	0.999077428469923756	0.000407229060000506571	0.00000000000000000	-0.000204484665590040984	1.00310733756408421	0.00000000000000000	0.00440000000000000027	2010.61929829759038	1.00244749584678861
33	0.999114252125360980	0.000710271197119118937	0.00000000000000000	-0.000356621817195301553	1.00307146613970266	0.00000000000000000	0.00440000000000000027	2073.45115136936829	1.00244117609705952
34	0.999186431636420513	0.000999352551766976953	0.00000000000000000	-0.000501688569800144051	1.00300603577898606	0.00000000000000000	0.00440000000000000027	2136.28300444116621	1.00240838660851228
35	0.999292079605385908	0.00126521409534793372	0.00000000000000000	-0.000635015090885751457	1.00291273994586483	0.00000000000000000	0.00440000000000000027	2199.11485751296414	1.00235096652976297
36	0.999428037247880208	0.00149931079657868345	0.00000000000000000	-0.000752299592536145260	1.00279430757927801	0.00000000000000000	0.00440000000000000027	2261.94671058475069	1.00227113239637555
37	0.999589987086794807	0.00169417336584205044	0.00000000000000000	-0.000849805378624658887	1.00265440043168308	0.00000000000000000	0.00440000000000000027	2324.77856365654861	1.00217189964766495
38	0.999772619399375784	0.00184361268921579219	0.00000000000000000	-0.000924421015939169395	1.00249746776029003	0.00000000000000000	0.00440000000000000027	2387.61041672834062	1.00205565881112268
39	0.999969843670406533	0.00194308268059745128	0.00000000000000000	-0.000973907372443352185	1.00232856626779698	0.00000000000000000	0.00440000000000000027	2450.44226980013309	1.00192998385497445
40	1.00017503475694891	0.00198975903123662680	0.00000000000000000	-0.000996892758788276443	1.00215315585371711	0.00000000000000000	0.00440000000000000027	2513.27412287194056	1.00179792638485621
41	1.00038130056041497	0.00198260718423759388	0.00000000000000000	-0.000992893507221920615	1.00197688218582681	0.00000000000000000	0.00440000000000000027	2576.10597594373439	1.00166762460279757
42	1.00058175757906387	0.00192247897465020866	0.00000000000000000	-0.000962400146907748527	1.00180535718897401	0.00000000000000000	0.00440000000000000027	2638.93782901554096	1.00154109193085494
43	1.00076980185292141	0.00181192185086190283	0.00000000000000000	-0.000906711385642777409	1.00164394796719147	0.00000000000000000	0.00440000000000000027	2701.76968208734979	1.00142499192021250
44	1.00093936243318082	0.00165517752084562170	0.00000000000000000	-0.000827990796917067728	1.00149758228906838	0.00000000000000000	0.00440000000000000027	2764.60153515915044	1.00132419938852335
45	1.00108512804928917	0.00145793637194664575	0.00000000000000000	-0.000729108038897044453	1.00137057777392946	0.00000000000000000	0.00440000000000000027	2827.43338823095701	1.00124254943016067
46	1.00120273823041006	0.00122711929403134185	0.00000000000000000	-0.000613532229293575412	1.00126649935041123	0.00000000000000000	0.00440000000000000027	2890.26524130275402	1.00118399622903564
47	1.00128893279591935	0.000970628617794664023	0.00000000000000000	-0.000485214360861190193	1.00118804828518115	0.00000000000000000	0.00440000000000000027	2953.09709437456650	1.00115052494011669
48	1.00134165539144981	0.000697022654812806024	0.00000000000000000	-0.000348408498340144462	1.00113698478736191	0.00000000000000000	0.00440000000000000027	3015.92894744635396	1.00114332282160867
49	1.00136010824937394	0.000415256887326223914	0.00000000000000000	-0.000207569988931417121	1.00111408518773093	0.00000000000000000	0.00440000000000000027	3078.76080051814051	1.00116202781878094
50	1.00134475728311645	0.000134346423193899660	0.00000000000000000	-6.71803468784357150e-05	1.00111913419787202	0.00000000000000000	0.00440000000000000027	3141.59265358994253	1.00120605375657235
51	1.00129728794728501	-0.000136970312194320890	0.00000000000000000	6.84264232799578626e-05	1.00115095198387594	0.00000000000000000	0.00440000000000000027	3204.42450666173863	1.00127336876774242
52	1.00122051413117985	-0.000390505073904828630	0.00000000000000000	0.000195180064485968308	1.00120745516924781	0.00000000000000000	0.00440000000000000027	3267.25635973353064	1.00136067281441821
53	1.00111824418706918	-0.000618905073552591424	0.00000000000000000	0.000309413233868829386	1.00128574997968922	0.00000000000000000	0.00440000000000000027	3330.08821280531674	1.00146437291230961
54	1.00099510991664431	-0.000815953157138196022	0.00000000000000000	0.000408032604852568218	1.00138225455388952	0.00000000000000000	0.00440000000000000027	3392.92006587712967	1.00157922991222703
55	1.00085636623175867	-0.000976722684326698353	0.00000000000000000	0.000488567239146001694	1.00149284623218615	0.00000000000000000	0.00440000000000000027	3455.75191894892032	1.00170331414793123
56	1.00070767043237741	-0.00109777131209140739	0.00000000000000000	0.000549283226267281190	1.00161302824635734	0.00000000000000000	0.00440000000000000027	3518.58377202070687	1.00182803046774982
57	1.00055485111837172	-0.00117722227210994733	0.00000000000000000	0.000589216762231023136	1.00173810917153139	0.00000000000000000	0.00440000000000000027	3581.41562509249343	1.00195124159282600
58	1.00040367688043497	-0.00121482607867288701	0.00000000000000000	0.000608220709801242767	1.00186338762627591	0.00000000000000000	0.00440000000000000027	3644.24747816429317	1.00206707138967244
59	1.00025963469304346	-0.00121192023242410471	0.00000000000000000	0.000606942487730376991	1.00198433442937174	0.00000000000000000	0.00440000000000000027	3707.07933123610428	1.00217021422461450
60	1.00012772683827889	-0.00117131691814719319	0.00000000000000000	0.000586761886998923734	1.00209676452052232	0.00000000000000000	0.00440000000000000027	3769.91118430789766	1.00225890734223722
61	1.00001229370665934	-0.00109719061110177211	0.00000000000000000	0.000549757922700304727	1.00219699152315567	0.00000000000000000	0.00440000000000000027	3832.74303737969240	1.00232809099940812
62	0.999916868395703040	-0.000994833879668409818	0.00000000000000000	0.000498568566660012764	1.00228195894512395	0.00000000000000000	0.00440000000000000027	3895.57489045150305	1.00237746183138210
63	0.999844066948521903	-0.000870432258574754467	0.00000000000000000	0.000436289365261295463	1.00234934308731516	0.00000000000000000	0.00440000000000000027	3958.40674352329552	1.00240431739973945
64	0.999795516708970711	-0.000730774082717984379	0.00000000000000000	0.000366320979799539086	1.00239762425620649	0.00000000000000000	0.00440000000000000027	4021.23859659508935	1.00240802864594003
65	0.999771823613441968	-0.000582982531674512694	0.00000000000000000	0.000292247128536095649	1.00242612421574373	0.00000000000000000	0.00440000000000000027	4084.07044966687999	1.00238890038974660
66	0.999772578097729125	-0.000434215680033886897	0.00000000000000000	0.000217682598209784301	1.00243500930200025	0.00000000000000000	0.00440000000000000027	4146.90230273873476	1.00234750974355991
67	0.999796398121341356	-0.000291247655704733252	0.00000000000000000	0.000145998345683183081	1.00242525994922649	0.00000000000000000	0.00440000000000000027	4209.73415581054360	1.00228705995916001
68	0.999841006613582772	-0.000160408962527289981	0.00000000000000000	8.03975133983601299e-05	1.00239860856804031	0.00000000000000000	0.00440000000000000027	4272.56600888233424	1.00220717174879526
69	0.999903340256210305	-4.71784590774619594e-05	0.00000000000000000	2.36279037477832299e-05	1.00235744917897995	0.00000000000000000	0.00440000000000000027	4335.39786195414490	1.00211437792379887
70	0.999979684984816375	4.39493884315644151e-05	0.00000000000000000	-2.20482469512842810e-05	1.00230472294375073	0.00000000000000000	0.00440000000000000027	4398.22971502596738	1.00200922716938523
71	1.00006583319627751	0.000109664938304507645	0.00000000000000000	-5.49746939303655952e-05	1.00224378483945964	0.00000000000000000	0.00440000000000000027	4461.06156809775985	1.00189680974977890
72	1.00015725674121025	0.000147938468780899317	0.00000000000000000	-7.41410143479605439e-05	1.00217825727021026	0.00000000000000000	0.00440000000000000027	4523.89342116954140	1.00177945649138356
73	1.00024928928121137	0.000158063268723574596	0.00000000000000000	-7.91969076149750574e-05	1.00211187679545488	0.00000000000000000	0.00440000000000000027	4586.72527424135933	1.00166494354235369
74	1.00033731114735414	0.000141414003862875729	0.00000000000000000	-7.12099743043374063e-05	1.00204834011358423	0.00000000000000000	0.00440000000000000027	4649.55712731315452	1.00155491170193023
75	1.00041693058971615	9.84431757295022719e-05	0.00000000000000000	-4.96812701397814083e-05	1.00199115553607299	0.00000000000000000	0.00440000000000000027	4712.38898038492698	1.00145593728046811
76	1.00048415322476036	3.29661578842028319e-05	0.00000000000000000	-1.68867863918143249e-05	1.00194350442314883	0.00000000000000000	0.00440000000000000027	4775.22083345672308	1.00136750765392635
77	1.00053553606072687	-5.08692500988117136e-05	0.00000000000000000	2.50879225956127799e-05	1.00190811828204640	0.00000000000000000	0.00440000000000000027	4838.05268652853374	1.00129604066445976
78	1.00056831921739930	-0.000148059712597095345	0.00000000000000000	7.37345139463986728e-05	1.00188717430069651	0.00000000000000000	0.00440000000000000027	4900.88453960030620	1.00124257636390013
79	1.00058053180501894	-0.000252987367532157142	0.00000000000000000	0.000126259315671024136	1.00188221240557973	0.00000000000000000	0.00440000000000000027	4963.71639267211958	1.00121010207424854
80	1.00057106865880607	-0.000359577714144459527	0.00000000000000000	0.000179626602162774943	1.00189407572191147	0.00000000000000000	0.00440000000000000027	5026.54824574393297	1.00119890641333065
81	1.00053973568726007	-0.000461558098337415401	0.00000000000000000	0.000230695547774602099	1.00192287565922333	0.00000000000000000	0.00440000000000000027	5089.38009881571452	1.00120982721130170
82	1.00048726252711062	-0.000552746971750199849	0.00000000000000000	0.000276384799829700479	1.00196798226927042	0.00000000000000000	0.00440000000000000027	5152.21195188749243	1.00124280392518017
83	1.00041528219443276	-0.000627234602199273905	0.00000000000000000	0.000313728969327513752	1.00202804011585656	0.00000000000000000	0.00440000000000000027	5215.04380495930491	1.00129583313088277
84	1.00032627813869124	-0.000679679612917773700	0.00000000000000000	0.000340055502553666782	1.00210100938499380	0.00000000000000000	0.00440000000000000027	5277.87565803111102	1.00136708319291556
85	1.00022350020479589	-0.000705493369871468701	0.00000000000000000	0.000353057406894940421	1.00218423160431813	0.00000000000000000	0.00440000000000000027	5340.70751110291440	1.00145529344795392
86	1.00011085176838144	-0.000701061150636322211	0.00000000000000000	0.000350914755331613142	1.00227451868049577	0.00000000000000000	0.00440000000000000027	5403.53936417472414	1.00155485226516139
87	0.999992751423004589	-0.000663899023836607947	0.00000000000000000	0.000332367441517341863	1.00236826332213869	0.00000000000000000	0.00440000000000000027	5466.37121724656208	1.00166484920721932
88	0.999873973501549718	-0.000592801304169469781	0.00000000000000000	0.000296797658925163684	1.00246156801812636	0.00000000000000000	0.00440000000000000027	5529.20307031837547	1.00178005309869489
89	0.999759472718613873	-0.000487923504200553837	0.00000000000000000	0.000244270028168236397	1.00255038884959258	0.00000000000000000	0.00440000000000000027	5592.03492339014610	1.00189540432015689
90	0.999654198961483886	-0.000350832686671069104	0.00000000000000000	0.000175563838449740300	1.00263068945115896	0.00000000000000000	0.00440000000000000027	5654.86677646197131	1.00200732366342682
91	0.999562908872464684	-0.000184455383000005661	0.00000000000000000	9.21290150588391973e-05	1.00269859964283969	0.00000000000000000	0.00440000000000000027	5717.69862953377014	1.00211256728956211
92	0.999489981051370990	6.89759974748915122e-06	0.00000000000000000	-3.85371548781250281e-06	1.00275057260931821	0.00000000000000000	0.00440000000000000027	5780.53048260557262	1.00220586447673465
93	0.999439241821918456	0.000217783813044719263	0.00000000000000000	-0.000109664396753424154	1.00278353428008193	0.00000000000000000	0.00440000000000000027	5843.36233567736144	1.00228418214735826
94	0.999413807929902975	0.000441687419748167283	0.00000000000000000	-0.000222015558424257242	1.00279501851243369	0.00000000000000000	0.00440000000000000027	5906.19418874917119	1.00234549646796434
95	0.999415952109993788	0.000671299627835835605	0.00000000000000000	-0.000337224709325491256	1.00278328218050339	0.00000000000000000	0.00440000000000000027	5969.02604182097730	1.00238639836021859
96	0.999446996547400768	0.000898741795690139421	0.00000000000000000	-0.000451310931226710232	1.00274739494312692	0.00000000000000000	0.00440000000000000027	6031.85789489280796	1.00240585474415900
97	0.999507238305690326	0.00111589774389684801	0.00000000000000000	-0.000560187138042052800	1.00268729943114776	0.00000000000000000	0.00440000000000000027	6094.68974796462226	1.00240232641484051
98	0.999595909962847862	0.00131469493102866469	0.00000000000000000	-0.000659792185838040026	1.00260383881114934	0.00000000000000000	0.00440000000000000027	6157.52160103638653	1.00237558884405686
99	0.999711177630409176	0.00148739556007855805	0.00000000000000000	-0.000746229613563975831	1.00249874991592858	0.00000000000000000	0.00440000000000000027	6220.35345410818445	1.00232728210540190
100	0.999850177396247486	0.00162696326566832191	0.00000000000000000	-0.000815984594142269738	1.00237462139518674	0.00000000000000000	0.00440000000000000027	6283.18530717997965	1.00225799861817655
