0	1.00000000000000000	0.00000000000000000	0.00000000000000000	-0.00000000000000000	1.00234724521993868	0.00000000000000000	0.00470000000000000018	0.00000000000000000	1.00234724521993868
1	0.999999999999949263	-2.35868182624221490e-15	0.00000000000000000	3.13497058174183607e-14	1.00234724521997687	0.00000000000000000	0.00470000000000000018	62.8318530718002535	1.00234724522002816
2	1.00000000000003220	-4.56882795485391568e-15	0.00000000000000000	1.39346000016526972e-14	1.00234724521991203	0.00000000000000000	0.00470000000000000018	125.663706143599939	1.00234724521987983
3	0.999999999999923617	-7.22273803266393344e-15	0.00000000000000000	1.22785896033983377e-14	1.00234724521996332	0.00000000000000000	0.00470000000000000018	188.495559215399851	1.00234724522003993
4	0.999999999999954481	-9.69710423071035166e-15	0.00000000000000000	-5.27763596713803906e-14	1.00234724521991314	0.00000000000000000	0.00470000000000000018	251.327412287199081	1.00234724521995866
5	0.999999999999765965	-1.24821485612824912e-14	0.00000000000000000	-1.99713021727804252e-13	1.00234724522006746	0.00000000000000000	0.00470000000000000018	314.159265359001836	1.00234724522030194
6	0.999999999999503286	-1.55355329295447930e-14	0.00000000000000000	-6.17594083512917891e-14	1.00234724522027530	0.00000000000000000	0.00470000000000000018	376.991118430802544	1.00234724522077334
7	0.999999999999501399	-1.88760140330812565e-14	0.00000000000000000	1.77642405993494457e-13	1.00234724522023178	0.00000000000000000	0.00470000000000000018	439.822971502599728	1.00234724522073160
8	0.999999999999530043	-2.25063023773230952e-14	0.00000000000000000	1.86438104538000360e-13	1.00234724522012431	0.00000000000000000	0.00470000000000000018	502.654824574402085	1.00234724522059571
9	0.999999999999484523	-2.65165493729124790e-14	0.00000000000000000	4.68553147670025538e-14	1.00234724522005969	0.00000000000000000	0.00470000000000000018	565.486677646201315	1.00234724522057639
10	0.999999999999377720	-3.09127723419067024e-14	0.00000000000000000	-1.50819461086637574e-13	1.00234724522010077	0.00000000000000000	0.00470000000000000018	628.318530717998328	1.00234724522072449
11	0.999999999998962386	-3.56442306226334438e-14	0.00000000000000000	-3.79789732649071787e-13	1.00234724522042584	0.00000000000000000	0.00470000000000000018	691.150383789797161	1.00234724522146523
12	0.999999999998464562	-3.99923150151693108e-14	0.00000000000000000	-2.58139375760441103e-13	1.00234724522085550	0.00000000000000000	0.00470000000000000018	753.982236861598722	1.00234724522239493
13	0.999999999998010813	-4.37666396180258488e-14	0.00000000000000000	-3.14180105542849475e-15	1.00234724522114793	0.00000000000000000	0.00470000000000000018	816.814089933396190	1.00234724522314211
14	0.999999999997907230	-4.70574100519538518e-14	0.00000000000000000	2.71699763382260429e-13	1.00234724522115903	0.00000000000000000	0.00470000000000000018	879.645943005193431	1.00234724522325735
15	0.999999999998108291	-4.97709512492505723e-14	0.00000000000000000	4.47330540664925280e-13	1.00234724522088681	0.00000000000000000	0.00470000000000000018	942.477796076992945	1.00234724522278418
16	0.999999999998218203	-5.18896991347217451e-14	0.00000000000000000	4.06682066494967742e-13	1.00234724522067409	0.00000000000000000	0.00470000000000000018	1005.30964914879064	1.00234724522246066
17	0.999999999998122613	-5.33496857801907254e-14	0.00000000000000000	9.77013608904897524e-14	1.00234724522062124	0.00000000000000000	0.00470000000000000018	1068.14150222058697	1.00234724522250329
18	0.999999999997847722	-5.45290809034204571e-14	0.00000000000000000	-3.05686248883163536e-13	1.00234724522079066	0.00000000000000000	0.00470000000000000018	1130.97335529239467	1.00234724522294760
19	0.999999999997084554	-5.55788054468209225e-14	0.00000000000000000	-3.77927940678479679e-13	1.00234724522139085	0.00000000000000000	0.00470000000000000018	1193.80520836422056	1.00234724522431295
20	0.999999999996406874	-5.65344212416496461e-14	0.00000000000000000	-2.84659882471283154e-13	1.00234724522188845	0.00000000000000000	0.00470000000000000018	1256.63706143600507	1.00234724522548935
21	0.999999999995935585	-5.73699616458756001e-14	0.00000000000000000	-2.61140393163772355e-14	1.00234724522220930	0.00000000000000000	0.00470000000000000018	1319.46891450780595	1.00234724522628382
22	0.999999999995616617	-5.80572882249909966e-14	0.00000000000000000	2.46365431446357933e-13	1.00234724522232943	0.00000000000000000	0.00470000000000000018	1382.30076757961751	1.00234724522672347
23	0.999999999995422106	-5.86048137102279654e-14	0.00000000000000000	4.81170225191673850e-13	1.00234724522235674	0.00000000000000000	0.00470000000000000018	1445.13262065141680	1.00234724522694618
24	0.999999999995554556	-5.90478187179055425e-14	0.00000000000000000	5.14444823546122976e-13	1.00234724522208918	0.00000000000000000	0.00470000000000000018	1507.96447372323200	1.00234724522654606
25	0.999999999995580091	-5.94953773747075587e-14	0.00000000000000000	3.94309151302563166e-13	1.00234724522190777	0.00000000000000000	0.00470000000000000018	1570.79632679502106	1.00234724522633889
26	0.999999999995509592	-5.99212519880598649e-14	0.00000000000000000	-1.60765931817019592e-13	1.00234724522185470	0.00000000000000000	0.00470000000000000018	1633.62817986681966	1.00234724522635532
27	0.999999999994881650	-6.03159015788445885e-14	0.00000000000000000	-5.61764176842949325e-13	1.00234724522236474	0.00000000000000000	0.00470000000000000018	1696.46003293862941	1.00234724522749441
28	0.999999999994018784	-6.05716648713339190e-14	0.00000000000000000	-5.08068847410170221e-13	1.00234724522309149	0.00000000000000000	0.00470000000000000018	1759.29188601042893	1.00234724522908647
29	0.999999999993340327	-6.08224408338298161e-14	0.00000000000000000	-2.14582529262791200e-13	1.00234724522358820	0.00000000000000000	0.00470000000000000018	1822.12373908223753	1.00234724523026375
30	0.999999999992970623	-6.10076225648903403e-14	0.00000000000000000	3.24527731077051129e-13	1.00234724522375407	0.00000000000000000	0.00470000000000000018	1884.95559215406115	1.00234724523080088
31	0.999999999993097854	-6.12014237032221242e-14	0.00000000000000000	6.75647661733599914e-13	1.00234724522351448	0.00000000000000000	0.00470000000000000018	1947.78744522589318	1.00234724523043295
32	0.999999999993413824	-6.14101868315342081e-14	0.00000000000000000	6.92861241470554834e-13	1.00234724522312058	0.00000000000000000	0.00470000000000000018	2010.61929829769360	1.00234724522972263
33	0.999999999993407496	-6.15917906954255301e-14	0.00000000000000000	2.62490279078625433e-13	1.00234724522294893	0.00000000000000000	0.00470000000000000018	2073.45115136950199	1.00234724522955720
34	0.999999999992981947	-6.16368935058009271e-14	0.00000000000000000	-3.22281697856530158e-13	1.00234724522321184	0.00000000000000000	0.00470000000000000018	2136.28300444130537	1.00234724523024554
35	0.999999999992223221	-6.16702869327134806e-14	0.00000000000000000	-5.86401587010509928e-13	1.00234724522381669	0.00000000000000000	0.00470000000000000018	2199.11485751309465	1.00234724523160978
36	0.999999999991452615	-6.16702869327134806e-14	0.00000000000000000	-4.97149630490634209e-13	1.00234724522440843	0.00000000000000000	0.00470000000000000018	2261.94671058485164	1.00234724523297469
37	0.999999999990917265	-6.17509515743464021e-14	0.00000000000000000	-9.62116671054946693e-14	1.00234724522480767	0.00000000000000000	0.00470000000000000018	2324.77856365662865	1.00234724523391194
38	0.999999999990481836	-6.18856094841691018e-14	0.00000000000000000	5.24052155836951528e-13	1.00234724522499574	0.00000000000000000	0.00470000000000000018	2387.61041672844021	1.00234724523453766
39	0.999999999990767385	-6.19695267323194798e-14	0.00000000000000000	7.85991063900759457e-13	1.00234724522461893	0.00000000000000000	0.00470000000000000018	2450.44226980027361	1.00234724523387464
40	0.999999999990928590	-6.19805855944788320e-14	0.00000000000000000	6.74761895663733569e-13	1.00234724522433183	0.00000000000000000	0.00470000000000000018	2513.27412287207017	1.00234724523342500
41	0.999999999990875188	-6.21017993973627114e-14	0.00000000000000000	2.55637091356453183e-13	1.00234724522419905	0.00000000000000000	0.00470000000000000018	2576.10597594388719	1.00234724523334573
42	0.999999999990641375	-6.21802956346506619e-14	0.00000000000000000	-2.96158930712664414e-13	1.00234724522433938	0.00000000000000000	0.00470000000000000018	2638.93782901571194	1.00234724523371943
43	0.999999999989816590	-6.22336383815369487e-14	0.00000000000000000	-6.55285287837203967e-13	1.00234724522495822	0.00000000000000000	0.00470000000000000018	2701.76968208750759	1.00234724523516427
44	0.999999999989071742	-6.22401435945718617e-14	0.00000000000000000	-5.28529693968882164e-13	1.00234724522555596	0.00000000000000000	0.00470000000000000018	2764.60153515935008	1.00234724523650964
45	0.999999999988499422	-6.22249647641570647e-14	0.00000000000000000	-1.49801178406239188e-13	1.00234724522600094	0.00000000000000000	0.00470000000000000018	2827.43338823113572	1.00234724523752861
46	0.999999999988096633	-6.22637792019320457e-14	0.00000000000000000	2.77751779909074514e-13	1.00234724522618124	0.00000000000000000	0.00470000000000000018	2890.26524130293365	1.00234724523811325
47	0.999999999988246180	-6.23273134492396963e-14	0.00000000000000000	5.46223222902542105e-13	1.00234724522595187	0.00000000000000000	0.00470000000000000018	2953.09709437475203	1.00234724523773466
48	0.999999999988302801	-6.23984371117547454e-14	0.00000000000000000	6.29598369966677396e-13	1.00234724522577223	0.00000000000000000	0.00470000000000000018	3015.92894744657951	1.00234724523749685
49	0.999999999988268606	-6.24805112162118981e-14	0.00000000000000000	4.60709812313830902e-13	1.00234724522562590	0.00000000000000000	0.00470000000000000018	3078.76080051838244	1.00234724523738539
50	0.999999999988075761	-6.25137962229072031e-14	0.00000000000000000	6.34501132190656847e-14	1.00234724522564655	0.00000000000000000	0.00470000000000000018	3141.59265359016445	1.00234724523759899
51	0.999999999987627120	-6.25942440241056275e-14	0.00000000000000000	-2.46907312304034399e-13	1.00234724522591367	0.00000000000000000	0.00470000000000000018	3204.42450666195327	1.00234724523831598
52	0.999999999986800781	-6.26061702480029680e-14	0.00000000000000000	-5.44037905003680322e-13	1.00234724522648544	0.00000000000000000	0.00470000000000000018	3267.25635973375392	1.00234724523971441
53	0.999999999986241117	-6.27566575095439561e-14	0.00000000000000000	-4.65577663227856320e-13	1.00234724522692020	0.00000000000000000	0.00470000000000000018	3330.08821280557777	1.00234724524071095
54	0.999999999985852317	-6.28976037919670716e-14	0.00000000000000000	-3.25238534021332626e-13	1.00234724522725882	0.00000000000000000	0.00470000000000000018	3392.92006587739070	1.00234724524143881
55	0.999999999985228039	-6.29077952923884354e-14	0.00000000000000000	2.49973652888257902e-14	1.00234724522763430	0.00000000000000000	0.00470000000000000018	3455.75191894917953	1.00234724524244045
56	0.999999999984886423	-6.29883515138041084e-14	0.00000000000000000	4.87235902665861254e-13	1.00234724522775687	0.00000000000000000	0.00470000000000000018	3518.58377202100792	1.00234724524290608
57	0.999999999985108579	-6.30266238504928467e-14	0.00000000000000000	7.90365602826303970e-13	1.00234724522739849	0.00000000000000000	0.00470000000000000018	3581.41562509279765	1.00234724524232610
58	0.999999999985521137	-6.30084092539950902e-14	0.00000000000000000	5.25144597945947922e-13	1.00234724522693175	0.00000000000000000	0.00470000000000000018	3644.24747816461331	1.00234724524144525
59	0.999999999985432653	-6.29208057184582614e-14	0.00000000000000000	1.83077077803295296e-13	1.00234724522687157	0.00000000000000000	0.00470000000000000018	3707.07933123643170	1.00234724524147345
60	0.999999999984955590	-6.28525009815916746e-14	0.00000000000000000	-4.12044313599646550e-13	1.00234724522717955	0.00000000000000000	0.00470000000000000018	3769.91118430822053	1.00234724524225904
61	0.999999999984110266	-6.28551030668056399e-14	0.00000000000000000	-7.57173620677398240e-13	1.00234724522789342	0.00000000000000000	0.00470000000000000018	3832.74303738000572	1.00234724524381980
62	0.999999999983668508	-6.28178065120721385e-14	0.00000000000000000	-5.49028487603631099e-13	1.00234724522833885	0.00000000000000000	0.00470000000000000018	3895.57489045181319	1.00234724524470820
63	0.999999999983277266	-6.26020502797475231e-14	0.00000000000000000	-7.96389863777502427e-15	1.00234724522865992	0.00000000000000000	0.00470000000000000018	3958.40674352364249	1.00234724524542207
64	0.999999999982909893	-6.24771501894771930e-14	0.00000000000000000	3.56525681373398573e-13	1.00234724522875140	0.00000000000000000	0.00470000000000000018	4021.23859659544542	1.00234724524588237
65	0.999999999983136600	-6.24769333490426959e-14	0.00000000000000000	6.29550231390219039e-13	1.00234724522843544	0.00000000000000000	0.00470000000000000018	4084.07044966725289	1.00234724524534013
66	0.999999999983226306	-6.24344326238812641e-14	0.00000000000000000	5.22761955251693777e-13	1.00234724522818097	0.00000000000000000	0.00470000000000000018	4146.90230273911402	1.00234724524499486
67	0.999999999982996823	-6.24153506656455193e-14	0.00000000000000000	2.28882884867331882e-13	1.00234724522819785	0.00000000000000000	0.00470000000000000018	4209.73415581091103	1.00234724524524088
68	0.999999999982379095	-6.24961237274956893e-14	0.00000000000000000	-2.17061069639201687e-13	1.00234724522858354	0.00000000000000000	0.00470000000000000018	4272.56600888268895	1.00234724524624563
69	0.999999999981740939	-6.24094959739140975e-14	0.00000000000000000	-3.93992347427762901e-13	1.00234724522908780	0.00000000000000000	0.00470000000000000018	4335.39786195446868	1.00234724524738916
70	0.999999999981102894	-6.23407575561785166e-14	0.00000000000000000	-2.81821658024150601e-13	1.00234724522957697	0.00000000000000000	0.00470000000000000018	4398.22971502634846	1.00234724524851782
71	0.999999999980673016	-6.23583216313727817e-14	0.00000000000000000	1.20342754858504541e-13	1.00234724522986784	0.00000000000000000	0.00470000000000000018	4461.06156809811364	1.00234724524923990
72	0.999999999980436205	-6.23711694271167350e-14	0.00000000000000000	4.21633377083868721e-13	1.00234724522989671	0.00000000000000000	0.00470000000000000018	4523.89342116993794	1.00234724524950680
73	0.999999999980602405	-6.22839453623402761e-14	0.00000000000000000	5.27866162239321035e-13	1.00234724522960073	0.00000000000000000	0.00470000000000000018	4586.72527424176405	1.00234724524904362
74	0.999999999980401344	-6.22516361376002081e-14	0.00000000000000000	3.52657139601753045e-13	1.00234724522955432	0.00000000000000000	0.00470000000000000018	4649.55712731355015	1.00234724524919949
75	0.999999999980184850	-6.22700675745324617e-14	0.00000000000000000	2.20205798040495893e-14	1.00234724522963847	0.00000000000000000	0.00470000000000000018	4712.38898038538264	1.00234724524949992
76	0.999999999979698129	-6.22479498502137574e-14	0.00000000000000000	-2.57550057669586607e-13	1.00234724522990115	0.00000000000000000	0.00470000000000000018	4775.22083345717419	1.00234724525025043
77	0.999999999978868237	-6.21637073414116337e-14	0.00000000000000000	-5.19670461177068610e-13	1.00234724523047247	0.00000000000000000	0.00470000000000000018	4838.05268652899395	1.00234724525165353
78	0.999999999978109289	-6.21881018902925575e-14	0.00000000000000000	-3.83187405417206861e-13	1.00234724523104712	0.00000000000000000	0.00470000000000000018	4900.88453960075094	1.00234724525298868
79	0.999999999977465914	-6.21560095059869866e-14	0.00000000000000000	-5.58112583926018146e-14	1.00234724523150298	0.00000000000000000	0.00470000000000000018	4963.71639267251612	1.00234724525408958
80	0.999999999977211673	-6.22227963598120937e-14	0.00000000000000000	2.83513663934531479e-13	1.00234724523157404	0.00000000000000000	0.00470000000000000018	5026.54824574432769	1.00234724525441643
81	0.999999999977297716	-6.21491248221917036e-14	0.00000000000000000	5.04167671153132879e-13	1.00234724523133822	0.00000000000000000	0.00470000000000000018	5089.38009881613743	1.00234724525409424
82	0.999999999977352005	-6.20040043614045189e-14	0.00000000000000000	3.09941525569734644e-13	1.00234724523116459	0.00000000000000000	0.00470000000000000018	5152.21195188794991	1.00234724525386620
83	0.999999999977126408	-6.18767190263547207e-14	0.00000000000000000	5.30998855996500652e-15	1.00234724523121344	0.00000000000000000	0.00470000000000000018	5215.04380495975511	1.00234724525414087
84	0.999999999976525444	-6.17565894256433268e-14	0.00000000000000000	-2.59428763194069489e-13	1.00234724523161023	0.00000000000000000	0.00470000000000000018	5277.87565803158304	1.00234724525513985
85	0.999999999975905385	-6.16545660012124408e-14	0.00000000000000000	-3.07392457842003974e-13	1.00234724523208008	0.00000000000000000	0.00470000000000000018	5340.70751110342735	1.00234724525623076
86	0.999999999975462406	-6.15731424180587794e-14	0.00000000000000000	-1.63416372447877656e-13	1.00234724523233232	0.00000000000000000	0.00470000000000000018	5403.53936417528985	1.00234724525692687
87	0.999999999974910070	-6.14664569242862058e-14	0.00000000000000000	-6.71207880942326085e-14	1.00234724523271579	0.00000000000000000	0.00470000000000000018	5466.37121724711596	1.00234724525786456
88	0.999999999974514830	-6.14243898799937682e-14	0.00000000000000000	2.33768299856551565e-13	1.00234724523297891	0.00000000000000000	0.00470000000000000018	5529.20307031890843	1.00234724525852426
89	0.999999999974425235	-6.13615061539896089e-14	0.00000000000000000	5.65072077671202599e-13	1.00234724523286522	0.00000000000000000	0.00470000000000000018	5592.03492339067907	1.00234724525850138
90	0.999999999974529707	-6.12760168126891269e-14	0.00000000000000000	5.25640457809534167e-13	1.00234724523257812	0.00000000000000000	0.00470000000000000018	5654.86677646246153	1.00234724525810814
91	0.999999999974480303	-6.12533027771755556e-14	0.00000000000000000	2.90863253621376217e-13	1.00234724523245777	0.00000000000000000	0.00470000000000000018	5717.69862953428856	1.00234724525803776
92	0.999999999974156228	-6.12691321288938440e-14	0.00000000000000000	-9.95963294475599170e-14	1.00234724523267427	0.00000000000000000	0.00470000000000000018	5780.53048260613286	1.00234724525857866
93	0.999999999973770093	-6.12916835340815425e-14	0.00000000000000000	-3.48214919355591124e-13	1.00234724523291541	0.00000000000000000	0.00470000000000000018	5843.36233567796444	1.00234724525920726
94	0.999999999973135711	-6.12600248306449657e-14	0.00000000000000000	-3.86683740583038116e-13	1.00234724523341034	0.00000000000000000	0.00470000000000000018	5906.19418874978601	1.00234724526033658
95	0.999999999972286613	-6.13064286836273453e-14	0.00000000000000000	-2.40396786678476193e-13	1.00234724523405339	0.00000000000000000	0.00470000000000000018	5969.02604182163850	1.00234724526183205
96	0.999999999972000175	-6.13229085566491250e-14	0.00000000000000000	1.76833808013254767e-13	1.00234724523425633	0.00000000000000000	0.00470000000000000018	6031.85789489350645	1.00234724526232255
97	0.999999999972032594	-6.12587237880379831e-14	0.00000000000000000	6.18912256514225767e-13	1.00234724523408891	0.00000000000000000	0.00470000000000000018	6094.68974796528801	1.00234724526212315
98	0.999999999972128961	-6.12493996493546078e-14	0.00000000000000000	5.96498545002432934e-13	1.00234724523381313	0.00000000000000000	0.00470000000000000018	6157.52160103711776	1.00234724526175079
99	0.999999999972066567	-6.13181380670901888e-14	0.00000000000000000	3.92797339793249378e-13	1.00234724523367347	0.00000000000000000	0.00470000000000000018	6220.35345410891296	1.00234724526167329
100	0.999999999971912912	-6.13098964365134044e-14	0.00000000000000000	-1.26040184758873137e-13	1.00234724523366681	0.00000000000000000	0.00470000000000000018	6283.18530718075817	1.00234724526181962
