0.100000000000000019
0.101546899243308023
0.103117727459305544
0.104712854805089961
0.106332657163716149
0.107977516232770965
0.109647819614318534
0.111343960906236147
0.113066339794963930
0.114815362149688280
0.116591440117983211
0.118394992222930207
0.120226443461741328
0.122086225405907134
0.123974776302894468
0.125892541179416728
0.127839971946302422
0.129817527504984931
0.131825673855640757
0.133864884206999352
0.135935639087852583
0.138038426460288521
0.140173741834677013
0.142342088386434196
0.144543977074592794
0.146779926762206997
0.149050464338619654
0.151356124843620848
0.153697451593527185
0.156074996309211178
0.158489319246111399
0.160940989326253531
0.163430584272313800
0.165958690743756132
0.168525904475075150
0.171132830416178133
0.173780082874937569
0.176468285661950081
0.179198072237533396
0.181970085860998415
0.184784979742229127
0.187643417195608619
0.190546071796324767
0.193493627539095325
0.196486778999346801
0.199526231496888001
0.202612701262114392
0.205746915604784003
0.208929613085404003
0.212161543689268511
0.215443469003188448
0.218776162394955315
0.222160409195581221
0.225597006884357687
0.229086765276777377
0.232630506715362700
0.236229066263446252
0.239883291901949125
0.243594044729202763
0.247362199163862179
0.251188643150958124
0.255074278371135943
0.259020020453132493
0.263026799189538252
0.267095558755898577
0.271227257933202903
0.275422870333816738
0.279683384630907750
0.284009804791421572
0.288403150312660672
0.292864456462523737
0.297394774523460692
0.301995172040201709
0.306666733071318365
0.311410558444676022
0.316227766016838052
0.321119490936482399
0.326086885911893443
0.331131121482591217
0.336253386295162826
0.341454887383360273
0.346736850452531775
0.352100520168452058
0.357547160450621515
0.363078054770101522
0.368694506451957726
0.374397838982381326
0.380189396320561368
0.386070543215381479
0.392042665527015444
0.398107170553497369
0.404265487362344411
0.410519067127308013
0.416869383470335531
0.423317932808820963
0.429866234708227823
0.436515832240166102
0.443268292346009007
0.450125206206133832
0.457088189614875184
0.464158883361278085
0.471338953615740686
0.478630092322638534
0.486034017599021928
0.493552474139480835
0.501187233627272466
0.508940095151809158
0.516812885632603747
0.524807460249772872
0.532925702881200669
0.541169526546463886
0.549540873857624845
0.558041717476996713
0.566674060581991546
0.575439937337157259
0.584341413373517859
0.593380586275328192
0.602559586074357889
0.611880575751822198
0.621345751748075936
0.630957344480193472
0.640717618867553962
0.650628874865557427
0.660693448007596218
0.670913709955411441
0.681292069057961580
0.691830970918936750
0.702532898973052378
0.713400375071256532
0.724435960074990337
0.735642254459641709
0.747021898927331951
0.758577575029183993
0.770312005797214927
0.782227956386002843
0.794328234724281934
0.806615692176613663
0.819093224215297733
0.831763771102671301
0.844630318583968975
0.857695898590894457
0.870963589956081141
0.884436519138599997
0.898117860960695014
0.912010839355910097
0.926118728128794033
0.940444851726352060
0.954992586021436551
0.969765359108249680
0.984766652110158791
1.000000000000000444
1.015468992433080864
1.031177274593055637
1.047128548050900276
1.063326571637161821
1.079775162327709870
1.096478196143185535
1.113439609062361724
1.130663397949639659
1.148153621496883048
1.165914401179832360
1.183949922229302176
1.202264434617413613
1.220862254059071672
1.239747763028945071
1.258925411794167726
1.278399719463024331
1.298175275049849642
1.318256738556407903
1.338648842069993794
1.359356390878526444
1.380384264602885436
1.401737418346770792
1.423420883864342290
1.445439770745928554
1.467799267622070136
1.490504643386197259
1.513561248436208873
1.536974515935272567
1.560749963092112225
1.584893192461114042
1.609409893262535807
1.634305842723138058
1.659586907437561543
1.685259044750751833
1.711328304161781722
1.737800828749376025
1.764682856619501194
1.791980722375334345
1.819700858609984540
1.847849797422291607
1.876434171956086416
1.905460717963248118
1.934936275390953586
1.964867789993468339
1.995262314968881068
2.026127012621144363
2.057469156047841086
2.089296130854040534
2.121615436892685835
2.154434690031884703
2.187761623949554313
2.221604091955812876
2.255970068843577980
2.290867652767774487
2.326305067153626727
2.362290662634463079
2.398832919019491250
2.435940447292028299
2.473621991638622397
2.511886431509581463
2.550742783711359873
2.590200204531325490
2.630267991895383073
2.670955587558986544
2.712272579332029476
2.754228703338168494
2.796833846309078275
2.840098047914216828
2.884031503126607276
2.928644564625238811
2.973947745234607698
3.019951720402018314
3.066667330713184203
3.114105584446761998
3.162277660168381299
3.211194909364825101
3.260868859118934981
3.311311214825913396
3.362533862951628816
3.414548873833604503
3.467368504525318418
3.521005201684520802
3.575471604506215595
3.630780547701014882
3.686945064519577819
3.743978389823813036
3.801893963205614568
3.860705432153814787
3.920426655270154992
3.981071705534974470
4.042654873623446221
4.105190671273081016
4.168693834703357304
4.233179328088210625
4.298662347082280455
4.365158322401661906
4.432682923460092184
4.501252062061339210
4.570881896148754286
4.641588833612781961
4.713389536157408521
4.786300923226386672
4.860340175990221390
4.935524741394809567
5.011872336272727324
5.089400951518093130
5.168128856326037024
5.248074602497729835
5.329257028812006247
5.411695265464640414
5.495408738576248453
5.580417174769968902
5.666740605819917675
5.754399373371571258
5.843414133735178595
5.933805862753284366
6.025595860743583110
6.118805757518221533
6.213457517480760472
6.309573444801937825
6.407176188675544282
6.506288748655574494
6.606934480075963734
6.709137099554117967
6.812920690579620242
6.918309709189367496
7.025328989730525109
7.134003750712568426
7.244359600749908701
7.356422544596416202
7.470218989273321064
7.585775750291844588
7.703120057972148160
7.822279563860029761
7.943282347242821118
8.066156921766141963
8.190932242152975107
8.317637711026714342
8.446303185839692418
8.576958985908950339
8.709635899560808525
8.844365191386001968
8.981178609606953245
9.120108393559107185
9.261187281287938333
9.404448517263523044
9.549925860214367290
9.697653591082502800
9.847666521101585246
10.000000000000007105
