0	1.00000000000000000	0.00000000000000000	0.00000000000000000	-0.00000000000000000	1.00049987506246096	0.00000000000000000	0.00100000000000000002	0.00000000000000000	1.00049987506246096
1	0.999999999999745981	-2.13349303501697563e-15	0.00000000000000000	2.96416537148846970e-14	1.00049987506257265	0.00000000000000000	0.00100000000000000002	62.8318530718002179	1.00049987506282667
2	0.999999999999404143	-5.73846525853127787e-15	0.00000000000000000	4.72503980386562716e-14	1.00049987506274274	0.00000000000000000	0.00100000000000000002	125.663706143600066	1.00049987506333982
3	0.999999999999011457	-5.61356516826094776e-15	0.00000000000000000	6.01723532112075077e-14	1.00049987506292792	0.00000000000000000	0.00100000000000000002	188.495559215400476	1.00049987506391780
4	0.999999999998568700	-5.47478729018280319e-15	0.00000000000000000	7.96238075473354456e-16	1.00049987506314175	0.00000000000000000	0.00100000000000000002	251.327412287200730	1.00049987506457394
5	0.999999999998135825	-5.45744005542303512e-15	0.00000000000000000	-3.77319703259715311e-14	1.00049987506334825	0.00000000000000000	0.00100000000000000002	314.159265359000869	1.00049987506521298
6	0.999999999997679856	-5.43315392675935982e-15	0.00000000000000000	-6.49150871945280983e-14	1.00049987506357119	0.00000000000000000	0.00100000000000000002	376.991118430801407	1.00049987506589177
7	0.999999999997202349	-5.38458166943200922e-15	0.00000000000000000	-7.37448296872500464e-14	1.00049987506382565	0.00000000000000000	0.00100000000000000002	439.822971502601035	1.00049987506662452
8	0.999999999996784461	-5.34815247643649627e-15	0.00000000000000000	-1.10852299561869927e-13	1.00049987506401750	0.00000000000000000	0.00100000000000000002	502.654824574399981	1.00049987506723381
9	0.999999999996309286	-5.31606009213092534e-15	0.00000000000000000	-9.89503617931930535e-14	1.00049987506425198	0.00000000000000000	0.00100000000000000002	565.486677646200064	1.00049987506794436
10	0.999999999995876632	-5.31259064517897173e-15	0.00000000000000000	-7.28080790102225706e-14	1.00049987506445226	0.00000000000000000	0.00100000000000000002	628.318530718001512	1.00049987506857718
11	0.999999999995371480	-5.30391702779908769e-15	0.00000000000000000	-2.40025013753530914e-14	1.00049987506469074	0.00000000000000000	0.00100000000000000002	691.150383789801822	1.00049987506932170
12	0.999999999994846123	-5.28483506956334281e-15	0.00000000000000000	9.82634112967062379e-15	1.00049987506497984	0.00000000000000000	0.00100000000000000002	753.982236861598494	1.00049987507013638
13	0.999999999994398814	-5.28483506956334281e-15	0.00000000000000000	-3.00029098787568671e-14	1.00049987506521521	0.00000000000000000	0.00100000000000000002	816.814089933399146	1.00049987507081850
14	0.999999999993845479	-5.25621213220972550e-15	0.00000000000000000	-9.43455383262126190e-14	1.00049987506553628	0.00000000000000000	0.00100000000000000002	879.645943005197978	1.00049987507169380
15	0.999999999993263611	-5.25707949394771390e-15	0.00000000000000000	-9.91854168241879108e-14	1.00049987506586158	0.00000000000000000	0.00100000000000000002	942.477796076996697	1.00049987507260085
16	0.999999999992743915	-5.26401838785162113e-15	0.00000000000000000	-5.47279235818542986e-14	1.00049987506614091	0.00000000000000000	0.00100000000000000002	1005.30964914879883	1.00049987507340044
17	0.999999999992257860	-5.24927323830581827e-15	0.00000000000000000	-2.75179184994200909e-14	1.00049987506640425	0.00000000000000000	0.00100000000000000002	1068.14150222060243	1.00049987507415006
18	0.999999999991793231	-5.24580379135386465e-15	0.00000000000000000	-3.00020425170188787e-14	1.00049987506661830	0.00000000000000000	0.00100000000000000002	1130.97335529240104	1.00049987507482907
19	0.999999999991320832	-5.24927323830581827e-15	0.00000000000000000	1.41128428388093141e-14	1.00049987506685945	0.00000000000000000	0.00100000000000000002	1193.80520836419828	1.00049987507554317
20	0.999999999990838773	-5.23886489744995743e-15	0.00000000000000000	6.05548597376603936e-14	1.00049987506707727	0.00000000000000000	0.00100000000000000002	1256.63706143600143	1.00049987507624327
21	0.999999999990369814	-5.22845655659409658e-15	0.00000000000000000	9.08283864786696427e-14	1.00049987506729643	0.00000000000000000	0.00100000000000000002	1319.46891450780231	1.00049987507693183
22	0.999999999989945931	-5.22845655659409658e-15	0.00000000000000000	8.92220325399151193e-14	1.00049987506748561	0.00000000000000000	0.00100000000000000002	1382.30076757960319	1.00049987507754490
23	0.999999999989492849	-5.23192600354605020e-15	0.00000000000000000	5.42465378172707346e-14	1.00049987506769011	0.00000000000000000	0.00100000000000000002	1445.13262065140361	1.00049987507820237
24	0.999999999988976818	-5.22932391833208499e-15	0.00000000000000000	1.46653522659079272e-14	1.00049987506795279	0.00000000000000000	0.00100000000000000002	1507.96447372320358	1.00049987507898108
25	0.999999999988418042	-5.23192600354605020e-15	0.00000000000000000	-4.74221356627779755e-14	1.00049987506823657	0.00000000000000000	0.00100000000000000002	1570.79632679500401	1.00049987507982352
26	0.999999999987887134	-5.21457876878628213e-15	0.00000000000000000	-5.77541486856958386e-14	1.00049987506851545	0.00000000000000000	0.00100000000000000002	1633.62817986679715	1.00049987508063420
27	0.999999999987382981	-5.22845655659409658e-15	0.00000000000000000	-6.93984800181901562e-14	1.00049987506877747	0.00000000000000000	0.00100000000000000002	1696.46003293859553	1.00049987508140048
28	0.999999999986864840	-5.22585447138013137e-15	0.00000000000000000	-8.79522149555000965e-14	1.00049987506904259	0.00000000000000000	0.00100000000000000002	1759.29188601039436	1.00049987508218385
29	0.999999999986315058	-5.21371140704829372e-15	0.00000000000000000	-9.96867519087452081e-14	1.00049987506933991	0.00000000000000000	0.00100000000000000002	1822.12373908219683	1.00049987508303095
30	0.999999999985746291	-5.21804821573823574e-15	0.00000000000000000	-5.62570823259278541e-14	1.00049987506964588	0.00000000000000000	0.00100000000000000002	1884.95559215400431	1.00049987508390625
31	0.999999999985247578	-5.22065030095220095e-15	0.00000000000000000	-4.52693438290907579e-14	1.00049987506990523	0.00000000000000000	0.00100000000000000002	1947.78744522580791	1.00049987508466454
32	0.999999999984766297	-5.21544613052427053e-15	0.00000000000000000	8.64412708079242975e-15	1.00049987507012306	0.00000000000000000	0.00100000000000000002	2010.61929829760356	1.00049987508536442
33	0.999999999984272137	-5.21891557747622414e-15	0.00000000000000000	5.45579206812085715e-14	1.00049987507036242	0.00000000000000000	0.00100000000000000002	2073.45115136940012	1.00049987508609828
34	0.999999999983828047	-5.21718085400024734e-15	0.00000000000000000	7.83236323020908287e-14	1.00049987507056404	0.00000000000000000	0.00100000000000000002	2136.28300444120578	1.00049987508674421
35	0.999999999983361643	-5.20763987488237490e-15	0.00000000000000000	9.20869283604908162e-14	1.00049987507077964	0.00000000000000000	0.00100000000000000002	2199.11485751300097	1.00049987508742722
36	0.999999999982921328	-5.23886489744995743e-15	0.00000000000000000	1.00529827518069936e-13	1.00049987507096860	0.00000000000000000	0.00100000000000000002	2261.94671058479662	1.00049987508805649
37	0.999999999982466914	-5.20677251314438649e-15	0.00000000000000000	1.29098121082193984e-13	1.00049987507118843	0.00000000000000000	0.00100000000000000002	2324.77856365659682	1.00049987508873084
38	0.999999999981983190	-5.20937459835835170e-15	0.00000000000000000	1.49256475234782471e-13	1.00049987507142601	0.00000000000000000	0.00100000000000000002	2387.61041672840156	1.00049987508945271
39	0.999999999981481258	-5.21457876878628213e-15	0.00000000000000000	1.69731416421736725e-13	1.00049987507168625	0.00000000000000000	0.00100000000000000002	2450.44226980020630	1.00049987509021521
40	0.999999999980944354	-5.21457876878628213e-15	0.00000000000000000	1.97008208357996040e-13	1.00049987507196825	0.00000000000000000	0.00100000000000000002	2513.27412287201332	1.00049987509103455
41	0.999999999980454857	-5.22238502442817776e-15	0.00000000000000000	2.24801947890096443e-13	1.00049987507222116	0.00000000000000000	0.00100000000000000002	2576.10597594382079	1.00049987509177729
42	0.999999999979924392	-5.22585447138013137e-15	0.00000000000000000	1.99932952138492936e-13	1.00049987507248783	0.00000000000000000	0.00100000000000000002	2638.93782901561826	1.00049987509257443
43	0.999999999979437115	-5.20850723662036330e-15	0.00000000000000000	2.01528030374653611e-13	1.00049987507273430	0.00000000000000000	0.00100000000000000002	2701.76968208742073	1.00049987509330895
44	0.999999999978909759	-5.21891557747622414e-15	0.00000000000000000	2.07331547763534019e-13	1.00049987507298566	0.00000000000000000	0.00100000000000000002	2764.60153515922320	1.00049987509408789
45	0.999999999978320897	-5.22498710964214297e-15	0.00000000000000000	2.18859652623137890e-13	1.00049987507329252	0.00000000000000000	0.00100000000000000002	2827.43338823103113	1.00049987509498317
46	0.999999999977798759	-5.22845655659409658e-15	0.00000000000000000	2.31033941977543122e-13	1.00049987507355076	0.00000000000000000	0.00100000000000000002	2890.26524130282769	1.00049987509576410
47	0.999999999977272180	-5.21197668357231692e-15	0.00000000000000000	2.42116222903820955e-13	1.00049987507381322	0.00000000000000000	0.00100000000000000002	2953.09709437462107	1.00049987509655369
48	0.999999999976763365	-5.21110932183432851e-15	0.00000000000000000	2.14861115011011350e-13	1.00049987507407501	0.00000000000000000	0.00100000000000000002	3015.92894744642263	1.00049987509732441
49	0.999999999976276199	-5.21371140704829372e-15	0.00000000000000000	2.03462247050367750e-13	1.00049987507431104	0.00000000000000000	0.00100000000000000002	3078.76080051822873	1.00049987509804694
50	0.999999999975740073	-5.20850723662036330e-15	0.00000000000000000	1.91817048356135444e-13	1.00049987507457483	0.00000000000000000	0.00100000000000000002	3141.59265359002075	1.00049987509884808
51	0.999999999975187182	-5.20763987488237490e-15	0.00000000000000000	1.90010333855905600e-13	1.00049987507486393	0.00000000000000000	0.00100000000000000002	3204.42450666182549	1.00049987509969007
52	0.999999999974660048	-5.21197668357231692e-15	0.00000000000000000	2.02823001449470297e-13	1.00049987507515104	0.00000000000000000	0.00100000000000000002	3267.25635973363160	1.00049987510050475
53	0.999999999974213072	-5.23366072702202700e-15	0.00000000000000000	2.15694649641218206e-13	1.00049987507538130	0.00000000000000000	0.00100000000000000002	3330.08821280544589	1.00049987510118243
54	0.999999999973738340	-5.21110932183432851e-15	0.00000000000000000	2.07750483482982418e-13	1.00049987507561933	0.00000000000000000	0.00100000000000000002	3392.92006587724245	1.00049987510189542
55	0.999999999973236187	-5.22151766269018935e-15	0.00000000000000000	2.50198299578396899e-13	1.00049987507586780	0.00000000000000000	0.00100000000000000002	3455.75191894904401	1.00049987510264637
56	0.999999999972818299	-5.21024196009634011e-15	0.00000000000000000	2.38477640412959602e-13	1.00049987507606608	0.00000000000000000	0.00100000000000000002	3518.58377202084148	1.00049987510326255
57	0.999999999972310927	-5.21544613052427053e-15	0.00000000000000000	2.56944639176470702e-13	1.00049987507631988	0.00000000000000000	0.00100000000000000002	3581.41562509263167	1.00049987510402372
58	0.999999999971852183	-5.22498710964214297e-15	0.00000000000000000	2.41704226078276463e-13	1.00049987507653504	0.00000000000000000	0.00100000000000000002	3644.24747816443596	1.00049987510469829
59	0.999999999971406428	-5.20763987488237490e-15	0.00000000000000000	2.22711606101544390e-13	1.00049987507674998	0.00000000000000000	0.00100000000000000002	3707.07933123624889	1.00049987510535865
60	0.999999999970971221	-5.21110932183432851e-15	0.00000000000000000	2.21034128500274818e-13	1.00049987507695404	0.00000000000000000	0.00100000000000000002	3769.91118430804954	1.00049987510599858
61	0.999999999970501818	-5.20417042793042128e-15	0.00000000000000000	2.35783614854767620e-13	1.00049987507718074	0.00000000000000000	0.00100000000000000002	3832.74303737984656	1.00049987510669491
62	0.999999999970043518	-5.20503778966840969e-15	0.00000000000000000	2.14278247923083143e-13	1.00049987507740101	0.00000000000000000	0.00100000000000000002	3895.57489045164766	1.00049987510737348
63	0.999999999969545472	-5.21197668357231692e-15	0.00000000000000000	2.19420835667616387e-13	1.00049987507764393	0.00000000000000000	0.00100000000000000002	3958.40674352344195	1.00049987510811533
64	0.999999999968954278	-5.21804821573823574e-15	0.00000000000000000	1.96744530389647565e-13	1.00049987507795080	0.00000000000000000	0.00100000000000000002	4021.23859659524851	1.00049987510901306
65	0.999999999968493092	-5.21544613052427053e-15	0.00000000000000000	2.48659599855205471e-13	1.00049987507818461	0.00000000000000000	0.00100000000000000002	4084.07044966705098	1.00049987510970850
66	0.999999999968001374	-5.20503778966840969e-15	0.00000000000000000	2.29828309161739242e-13	1.00049987507843641	0.00000000000000000	0.00100000000000000002	4146.90230273885300	1.00049987511045235
67	0.999999999967505881	-5.21544613052427053e-15	0.00000000000000000	2.47658664409566853e-13	1.00049987507868443	0.00000000000000000	0.00100000000000000002	4209.73415581065728	1.00049987511119598
68	0.999999999966993514	-5.21110932183432851e-15	0.00000000000000000	2.38040490097013446e-13	1.00049987507894245	0.00000000000000000	0.00100000000000000002	4272.56600888249704	1.00049987511196670
69	0.999999999966508346	-5.21197668357231692e-15	0.00000000000000000	2.21793070021014671e-13	1.00049987507917515	0.00000000000000000	0.00100000000000000002	4335.39786195430497	1.00049987511268457
70	0.999999999965984432	-5.21457876878628213e-15	0.00000000000000000	2.20817288065777717e-13	1.00049987507945826	0.00000000000000000	0.00100000000000000002	4398.22971502611381	1.00049987511349125
71	0.999999999965545672	-5.20763987488237490e-15	0.00000000000000000	2.26275595482938741e-13	1.00049987507967253	0.00000000000000000	0.00100000000000000002	4461.06156809790355	1.00049987511414518
72	0.999999999965080821	-5.20763987488237490e-15	0.00000000000000000	1.94831130395645147e-13	1.00049987507991300	0.00000000000000000	0.00100000000000000002	4523.89342116969692	1.00049987511485061
73	0.999999999964522268	-5.21197668357231692e-15	0.00000000000000000	1.96210235559046708e-13	1.00049987508019989	0.00000000000000000	0.00100000000000000002	4586.72527424149575	1.00049987511569638
74	0.999999999964084063	-5.22065030095220095e-15	0.00000000000000000	1.81512790908833210e-13	1.00049987508042815	0.00000000000000000	0.00100000000000000002	4649.55712731329277	1.00049987511636296
75	0.999999999963611330	-5.20590515140639809e-15	0.00000000000000000	2.01622572804094347e-13	1.00049987508067928	0.00000000000000000	0.00100000000000000002	4712.38898038508523	1.00049987511708660
76	0.999999999963034347	-5.21804821573823574e-15	0.00000000000000000	1.75991166084799033e-13	1.00049987508098082	0.00000000000000000	0.00100000000000000002	4775.22083345688043	1.00049987511796568
77	0.999999999962514208	-5.20503778966840969e-15	0.00000000000000000	1.73029993111306624e-13	1.00049987508124794	0.00000000000000000	0.00100000000000000002	4838.05268652869381	1.00049987511875349
78	0.999999999962047359	-5.19983361924047927e-15	0.00000000000000000	1.83085317739806186e-13	1.00049987508148530	0.00000000000000000	0.00100000000000000002	4900.88453960048901	1.00049987511945759
79	0.999999999961549424	-5.20677251314438649e-15	0.00000000000000000	1.94199691050389589e-13	1.00049987508174665	0.00000000000000000	0.00100000000000000002	4963.71639267227692	1.00049987512021699
80	0.999999999961054264	-5.21024196009634011e-15	0.00000000000000000	1.87850603128314475e-13	1.00049987508198379	0.00000000000000000	0.00100000000000000002	5026.54824574408667	1.00049987512095018
81	0.999999999960552999	-5.20850723662036330e-15	0.00000000000000000	2.02440494923017411e-13	1.00049987508223315	0.00000000000000000	0.00100000000000000002	5089.38009881587550	1.00049987512170091
82	0.999999999960061725	-5.20503778966840969e-15	0.00000000000000000	2.19118993782796423e-13	1.00049987508246496	0.00000000000000000	0.00100000000000000002	5152.21195188766160	1.00049987512242433
83	0.999999999959594654	-5.21457876878628213e-15	0.00000000000000000	2.18988022160360174e-13	1.00049987508270166	0.00000000000000000	0.00100000000000000002	5215.04380495945588	1.00049987512312799
84	0.999999999959085728	-5.21110932183432851e-15	0.00000000000000000	2.21178110548780893e-13	1.00049987508296145	0.00000000000000000	0.00100000000000000002	5277.87565803125108	1.00049987512389738
85	0.999999999958613217	-5.21804821573823574e-15	0.00000000000000000	2.08756623099048966e-13	1.00049987508319438	0.00000000000000000	0.00100000000000000002	5340.70751110304900	1.00049987512460259
86	0.999999999958115060	-5.20850723662036330e-15	0.00000000000000000	2.13397008397286925e-13	1.00049987508345239	0.00000000000000000	0.00100000000000000002	5403.53936417486420	1.00049987512535887
87	0.999999999957580377	-5.21110932183432851e-15	0.00000000000000000	2.16648747553005450e-13	1.00049987508372329	0.00000000000000000	0.00100000000000000002	5466.37121724665212	1.00049987512616534
88	0.999999999957149610	-5.23105864180806179e-15	0.00000000000000000	2.01915741071534427e-13	1.00049987508391847	0.00000000000000000	0.00100000000000000002	5529.20307031848279	1.00049987512679084
89	0.999999999956658780	-5.21197668357231692e-15	0.00000000000000000	2.03389388664376725e-13	1.00049987508415228	0.00000000000000000	0.00100000000000000002	5592.03492339028435	1.00049987512751626
90	0.999999999956163288	-5.21544613052427053e-15	0.00000000000000000	1.76760515946394747e-13	1.00049987508439231	0.00000000000000000	0.00100000000000000002	5654.86677646207590	1.00049987512825145
91	0.999999999955626495	-5.21110932183432851e-15	0.00000000000000000	1.73672708159156031e-13	1.00049987508466498	0.00000000000000000	0.00100000000000000002	5717.69862953389111	1.00049987512906124
92	0.999999999955100916	-5.20503778966840969e-15	0.00000000000000000	1.70845976255051824e-13	1.00049987508494365	0.00000000000000000	0.00100000000000000002	5780.53048260570267	1.00049987512986549
93	0.999999999954535146	-5.20850723662036330e-15	0.00000000000000000	1.61403009013572074e-13	1.00049987508524585	0.00000000000000000	0.00100000000000000002	5843.36233567748332	1.00049987513073413
94	0.999999999954035323	-5.21804821573823574e-15	0.00000000000000000	1.64265302748933806e-13	1.00049987508551097	0.00000000000000000	0.00100000000000000002	5906.19418874927669	1.00049987513149907
95	0.999999999953429142	-5.21544613052427053e-15	0.00000000000000000	1.84846929429660634e-13	1.00049987508582716	0.00000000000000000	0.00100000000000000002	5969.02604182106097	1.00049987513242211
96	0.999999999952954965	-5.20850723662036330e-15	0.00000000000000000	2.14963463696093982e-13	1.00049987508604454	0.00000000000000000	0.00100000000000000002	6031.85789489285162	1.00049987513311467
97	0.999999999952466356	-5.21544613052427053e-15	0.00000000000000000	2.22924109727351549e-13	1.00049987508628169	0.00000000000000000	0.00100000000000000002	6094.68974796464772	1.00049987513384031
98	0.999999999952008500	-5.21110932183432851e-15	0.00000000000000000	1.89003326878101063e-13	1.00049987508651084	0.00000000000000000	0.00100000000000000002	6157.52160103645201	1.00049987513452687
99	0.999999999951461604	-5.22585447138013137e-15	0.00000000000000000	1.77446599081143574e-13	1.00049987508679150	0.00000000000000000	0.00100000000000000002	6220.35345410825721	1.00049987513535488
100	0.999999999950985652	-5.21544613052427053e-15	0.00000000000000000	2.10175626902397994e-13	1.00049987508703597	0.00000000000000000	0.00100000000000000002	6283.18530718003694	1.00049987513607630
