0	1.00000000000000000	0.00000000000000000	0.00000000000000000	-0.00000000000000000	1.00234724521993868	0.00000000000000000	0.00470000000000000018	0.00000000000000000	1.00234724521993868
1	1.00000000000009592	-2.58495481963993967e-15	0.00000000000000000	-1.78164774600197973e-14	1.00234724521983498	0.00000000000000000	0.00470000000000000018	62.8318530717998485	1.00234724521973928
2	1.00000000000003819	-5.80611947409437334e-15	0.00000000000000000	-4.26859068924922980e-14	1.00234724521990248	0.00000000000000000	0.00470000000000000018	125.663706143600209	1.00234724521986385
3	0.999999999999975908	-9.39526234589038722e-15	0.00000000000000000	-1.21948024595086579e-13	1.00234724521996466	0.00000000000000000	0.00470000000000000018	188.495559215399169	1.00234724521998841
4	0.999999999999803824	-1.28907301499836535e-14	0.00000000000000000	-1.23045020353207413e-13	1.00234724522011853	0.00000000000000000	0.00470000000000000018	251.327412287197944	1.00234724522031482
5	0.999999999999664935	-1.67075554780016233e-14	0.00000000000000000	5.14237090409874753e-15	1.00234724522021579	0.00000000000000000	0.00470000000000000018	314.159265358996947	1.00234724522055108
6	0.999999999999852229	-2.05252481677575815e-14	0.00000000000000000	1.79115403065033263e-13	1.00234724522004037	0.00000000000000000	0.00470000000000000018	376.991118430795154	1.00234724522018870
7	0.999999999999746980	-2.44830197781986669e-14	0.00000000000000000	1.08287077221769223e-13	1.00234724522005547	0.00000000000000000	0.00470000000000000018	439.822971502596943	1.00234724522030905
8	0.999999999999679257	-2.85067108807268710e-14	0.00000000000000000	1.03546511642793604e-13	1.00234724522004903	0.00000000000000000	0.00470000000000000018	502.654824574394752	1.00234724522037077
9	0.999999999999387379	-3.28547952732627380e-14	0.00000000000000000	1.02767187121211023e-13	1.00234724522022134	0.00000000000000000	0.00470000000000000018	565.486677646196654	1.00234724522083574
10	0.999999999999258593	-3.75484148981697352e-14	0.00000000000000000	1.67500670451847800e-13	1.00234724522032437	0.00000000000000000	0.00470000000000000018	628.318530717991166	1.00234724522106755
11	0.999999999999206302	-4.27362138732956254e-14	0.00000000000000000	7.80744284327450355e-14	1.00234724522030594	0.00000000000000000	0.00470000000000000018	691.150383789787384	1.00234724522110175
12	0.999999999999147571	-4.85644510717087030e-14	0.00000000000000000	-3.86405317465143838e-14	1.00234724522029306	0.00000000000000000	0.00470000000000000018	753.982236861593947	1.00234724522114726
13	0.999999999998770983	-5.40726317888040597e-14	0.00000000000000000	-1.52113998480585266e-13	1.00234724522054686	0.00000000000000000	0.00470000000000000018	816.814089933397213	1.00234724522177854
14	0.999999999998345102	-5.70889093377130452e-14	0.00000000000000000	3.01078064389448397e-14	1.00234724522078378	0.00000000000000000	0.00470000000000000018	879.645943005199797	1.00234724522244245
15	0.999999999997909450	-5.84871235644046639e-14	0.00000000000000000	1.09471025994123394e-13	1.00234724522105001	0.00000000000000000	0.00470000000000000018	942.477796077001813	1.00234724522314544
16	0.999999999997650768	-5.90968246561018873e-14	0.00000000000000000	2.43414880266024092e-13	1.00234724522114793	0.00000000000000000	0.00470000000000000018	1005.30964914880042	1.00234724522350316
17	0.999999999997435274	-5.93610447255366047e-14	0.00000000000000000	1.74665186827849261e-13	1.00234724522118013	0.00000000000000000	0.00470000000000000018	1068.14150222061198	1.00234724522375074
18	0.999999999997380096	-5.94455040747732255e-14	0.00000000000000000	8.66420650502686129e-14	1.00234724522112217	0.00000000000000000	0.00470000000000000018	1130.97335529240604	1.00234724522374852
19	0.999999999997108313	-5.94559124156290864e-14	0.00000000000000000	-5.38523219073550052e-14	1.00234724522128515	0.00000000000000000	0.00470000000000000018	1193.80520836420351	1.00234724522418306
20	0.999999999996990852	-5.94693565225679066e-14	0.00000000000000000	-1.19053638475419277e-13	1.00234724522133400	0.00000000000000000	0.00470000000000000018	1256.63706143600893	1.00234724522435004
21	0.999999999996542766	-5.93748140931271706e-14	0.00000000000000000	-2.47881576376229873e-13	1.00234724522163732	0.00000000000000000	0.00470000000000000018	1319.46891450780413	1.00234724522510188
22	0.999999999995892286	-5.92303983637521014e-14	0.00000000000000000	-1.79795848348485166e-13	1.00234724522211627	0.00000000000000000	0.00470000000000000018	1382.30076757961615	1.00234724522623320
23	0.999999999995419664	-5.91666472760099538e-14	0.00000000000000000	8.40096221754738082e-14	1.00234724522245067	0.00000000000000000	0.00470000000000000018	1445.13262065141203	1.00234724522704211
24	0.999999999995276112	-5.90963909752328931e-14	0.00000000000000000	3.51199809251606654e-13	1.00234724522245200	0.00000000000000000	0.00470000000000000018	1507.96447372321336	1.00234724522718666
25	0.999999999995367261	-5.90504208031195077e-14	0.00000000000000000	3.98449936239719804e-13	1.00234724522224905	0.00000000000000000	0.00470000000000000018	1570.79632679499809	1.00234724522689334
26	0.999999999995139222	-5.90044506310061223e-14	0.00000000000000000	2.40805639317720477e-13	1.00234724522233276	0.00000000000000000	0.00470000000000000018	1633.62817986679693	1.00234724522720553
27	0.999999999994858335	-5.89441689902159283e-14	0.00000000000000000	1.48540251279638547e-13	1.00234724522245378	0.00000000000000000	0.00470000000000000018	1696.46003293858325	1.00234724522760787
28	0.999999999994736766	-5.89233523085042066e-14	0.00000000000000000	5.36680075380324695e-14	1.00234724522249308	0.00000000000000000	0.00470000000000000018	1759.29188601039050	1.00234724522776886
29	0.999999999994439337	-5.89597815014997195e-14	0.00000000000000000	-1.00587723914080662e-13	1.00234724522265406	0.00000000000000000	0.00470000000000000018	1822.12373908217637	1.00234724522822760
30	0.999999999993848254	-5.89563120545477659e-14	0.00000000000000000	-2.58800359614896891e-13	1.00234724522302043	0.00000000000000000	0.00470000000000000018	1884.95559215397702	1.00234724522918550
31	0.999999999993220090	-5.88331737928077247e-14	0.00000000000000000	-1.79305599231141533e-13	1.00234724522345542	0.00000000000000000	0.00470000000000000018	1947.78744522577404	1.00234724523025109
32	0.999999999992734034	-5.88491928799061981e-14	0.00000000000000000	6.44649264525121168e-14	1.00234724522371721	0.00000000000000000	0.00470000000000000018	2010.61929829756355	1.00234724523099983
33	0.999999999992485566	-5.89621667462791876e-14	0.00000000000000000	2.03088847822163743e-13	1.00234724522384067	0.00000000000000000	0.00470000000000000018	2073.45115136936283	1.00234724523137309
34	0.999999999992298272	-5.89018851054889936e-14	0.00000000000000000	2.88855528038367559e-13	1.00234724522385577	0.00000000000000000	0.00470000000000000018	2136.28300444117031	1.00234724523157603
35	0.999999999992308930	-5.88470244755612271e-14	0.00000000000000000	2.80744611586003501e-13	1.00234724522371077	0.00000000000000000	0.00470000000000000018	2199.11485751300461	1.00234724523142060
36	0.999999999992010391	-5.87316653644087694e-14	0.00000000000000000	9.01700589195364444e-14	1.00234724522387153	0.00000000000000000	0.00470000000000000018	2261.94671058476797	1.00234724523187957
37	0.999999999991684763	-5.86763710536120087e-14	0.00000000000000000	2.42271480654920879e-14	1.00234724522403451	0.00000000000000000	0.00470000000000000018	2324.77856365657408	1.00234724523236918
38	0.999999999991490918	-5.86505670419068537e-14	0.00000000000000000	-4.13334731025338797e-14	1.00234724522414176	0.00000000000000000	0.00470000000000000018	2387.61041672837609	1.00234724523267071
39	0.999999999991122879	-5.86731184470945522e-14	0.00000000000000000	-7.57104882259662659e-14	1.00234724522435070	0.00000000000000000	0.00470000000000000018	2450.44226980013536	1.00234724523324825
40	0.999999999990816457	-5.85937548480686132e-14	0.00000000000000000	-5.04991014282918371e-14	1.00234724522454433	0.00000000000000000	0.00470000000000000018	2513.27412287194829	1.00234724523374918
41	0.999999999990437982	-5.86158725723873175e-14	0.00000000000000000	-3.15904529098187670e-14	1.00234724522474394	0.00000000000000000	0.00470000000000000018	2576.10597594372894	1.00234724523432828
42	0.999999999990205057	-5.86371229349680334e-14	0.00000000000000000	1.56825127970577904e-13	1.00234724522487584	0.00000000000000000	0.00470000000000000018	2638.93782901554550	1.00234724523469376
43	0.999999999989950261	-5.85499530803001988e-14	0.00000000000000000	2.12007494893029502e-13	1.00234724522493113	0.00000000000000000	0.00470000000000000018	2701.76968208736344	1.00234724523500485
44	0.999999999989945043	-5.84666863534533121e-14	0.00000000000000000	8.77041494984354131e-14	1.00234724522485563	0.00000000000000000	0.00470000000000000018	2764.60153515916272	1.00234724523493379
45	0.999999999989726440	-5.84267877135058455e-14	0.00000000000000000	-8.23872220445664993e-14	1.00234724522498064	0.00000000000000000	0.00470000000000000018	2827.43338823096656	1.00234724523527774
46	0.999999999989210298	-5.84319918839337760e-14	0.00000000000000000	-1.73214741161498154e-13	1.00234724522527818	0.00000000000000000	0.00470000000000000018	2890.26524130273492	1.00234724523609309
47	0.999999999988720578	-5.84378465756651977e-14	0.00000000000000000	-1.77168609644118291e-13	1.00234724522559482	0.00000000000000000	0.00470000000000000018	2953.09709437452966	1.00234724523690044
48	0.999999999988283039	-5.84851177903855657e-14	0.00000000000000000	-8.69035746142721166e-14	1.00234724522590102	0.00000000000000000	0.00470000000000000018	3015.92894744632622	1.00234724523764518
49	0.999999999987924548	-5.84580127360734281e-14	0.00000000000000000	2.89503664097079394e-14	1.00234724522611995	0.00000000000000000	0.00470000000000000018	3078.76080051812687	1.00234724523822427
50	0.999999999987630783	-5.85614456233285452e-14	0.00000000000000000	2.44844726091097975e-13	1.00234724522623320	0.00000000000000000	0.00470000000000000018	3141.59265358992843	1.00234724523863172
51	0.999999999987598365	-5.87344842900572317e-14	0.00000000000000000	3.50707744095624108e-13	1.00234724522616503	0.00000000000000000	0.00470000000000000018	3204.42450666173545	1.00234724523859597
52	0.999999999987361665	-5.88017048247513330e-14	0.00000000000000000	3.32354152879354992e-13	1.00234724522622343	0.00000000000000000	0.00470000000000000018	3267.25635973353610	1.00234724523889218
53	0.999999999987389754	-5.88301109216704532e-14	0.00000000000000000	2.48401126057284927e-13	1.00234724522613639	0.00000000000000000	0.00470000000000000018	3330.08821280532493	1.00234724523877650
54	0.999999999986980193	-5.89127271272138486e-14	0.00000000000000000	9.06551309715064590e-14	1.00234724522631979	0.00000000000000000	0.00470000000000000018	3392.92006587715741	1.00234724523937047
55	0.999999999986676547	-5.89311585641461022e-14	0.00000000000000000	-5.01231001148738642e-14	1.00234724522648433	0.00000000000000000	0.00470000000000000018	3455.75191894896852	1.00234724523983898
56	0.999999999986362353	-5.90447829518225831e-14	0.00000000000000000	-1.59149169537409207e-13	1.00234724522671170	0.00000000000000000	0.00470000000000000018	3518.58377202076690	1.00234724524038077
57	0.999999999985810128	-5.91845366118559646e-14	0.00000000000000000	-9.77454879189099124e-14	1.00234724522710739	0.00000000000000000	0.00470000000000000018	3581.41562509257892	1.00234724524133045
58	0.999999999985585530	-5.92109098297016745e-14	0.00000000000000000	6.51672184097396023e-14	1.00234724522718932	0.00000000000000000	0.00470000000000000018	3644.24747816439185	1.00234724524163821
59	0.999999999985264454	-5.92121837672543450e-14	0.00000000000000000	9.34116065748336055e-14	1.00234724522736518	0.00000000000000000	0.00470000000000000018	3707.07933123615521	1.00234724524213537
60	0.999999999984951815	-5.92536002902432912e-14	0.00000000000000000	1.72597830125353902e-13	1.00234724522748264	0.00000000000000000	0.00470000000000000018	3769.91118430798542	1.00234724524256591
61	0.999999999984608201	-5.92698700990941518e-14	0.00000000000000000	1.96382921860069337e-13	1.00234724522764296	0.00000000000000000	0.00470000000000000018	3832.74303737979199	1.00234724524307084
62	0.999999999984335530	-5.94749943738648312e-14	0.00000000000000000	1.43696686494276804e-13	1.00234724522775487	0.00000000000000000	0.00470000000000000018	3895.57489045162174	1.00234724524345631
63	0.999999999984154897	-5.95016657473079746e-14	0.00000000000000000	1.70024584689176805e-13	1.00234724522779062	0.00000000000000000	0.00470000000000000018	3958.40674352340875	1.00234724524367280
64	0.999999999983710919	-5.95812461867684107e-14	0.00000000000000000	6.18060290447086658e-14	1.00234724522804752	0.00000000000000000	0.00470000000000000018	4021.23859659519212	1.00234724524437535
65	0.999999999983347765	-5.95177119394607601e-14	0.00000000000000000	-9.58250406107863384e-14	1.00234724522822605	0.00000000000000000	0.00470000000000000018	4084.07044966699641	1.00234724524491736
66	0.999999999983011367	-5.95255181951026557e-14	0.00000000000000000	-1.91641190763758296e-13	1.00234724522844454	0.00000000000000000	0.00470000000000000018	4146.90230273886755	1.00234724524547270
67	0.999999999982660981	-5.95599958241876948e-14	0.00000000000000000	-2.79727196267343103e-13	1.00234724522869056	0.00000000000000000	0.00470000000000000018	4209.73415581073095	1.00234724524607000
68	0.999999999982223331	-5.95209645459782166e-14	0.00000000000000000	-2.35817225122114671e-14	1.00234724522899654	0.00000000000000000	0.00470000000000000018	4272.56600888251523	1.00234724524681518
69	0.999999999982018384	-5.95861250965445954e-14	0.00000000000000000	3.04091495907654608e-13	1.00234724522905272	0.00000000000000000	0.00470000000000000018	4335.39786195429497	1.00234724524707675
70	0.999999999981860177	-5.96914011274929379e-14	0.00000000000000000	3.04544800835970797e-13	1.00234724522903074	0.00000000000000000	0.00470000000000000018	4398.22971502608016	1.00234724524721353
71	0.999999999981682541	-5.96749212544711582e-14	0.00000000000000000	2.86061105359003420e-13	1.00234724522904406	0.00000000000000000	0.00470000000000000018	4461.06156809787171	1.00234724524740537
72	0.999999999981575849	-5.96700423446949735e-14	0.00000000000000000	1.61474132676087123e-13	1.00234724522900498	0.00000000000000000	0.00470000000000000018	4523.89342116962871	1.00234724524747243
73	0.999999999981241339	-5.96436962319035757e-14	0.00000000000000000	-1.74775992289877280e-13	1.00234724522923280	0.00000000000000000	0.00470000000000000018	4586.72527424149848	1.00234724524803487
74	0.999999999980814125	-6.09421299774086378e-14	0.00000000000000000	-1.99982086825697264e-13	1.00234724522955898	0.00000000000000000	0.00470000000000000018	4649.55712731332551	1.00234724524878938
75	0.999999999980323406	-6.45254249337368080e-14	0.00000000000000000	-1.06540861202764070e-13	1.00234724522986873	0.00000000000000000	0.00470000000000000018	4712.38898038511525	1.00234724524959118
76	0.999999999979992671	-6.99180296992452099e-14	0.00000000000000000	-8.39536773433735561e-14	1.00234724523005014	0.00000000000000000	0.00470000000000000018	4775.22083345692681	1.00234724525010432
77	0.999999999979725107	-7.54843236527857897e-14	0.00000000000000000	9.10059787945227683e-14	1.00234724523017826	0.00000000000000000	0.00470000000000000018	4838.05268652872473	1.00234724525050067
78	0.999999999979359844	-8.05985053003999141e-14	0.00000000000000000	1.78698093648843592e-13	1.00234724523030616	0.00000000000000000	0.00470000000000000018	4900.88453960055085	1.00234724525099517
79	0.999999999978895548	-8.45873393030827092e-14	0.00000000000000000	1.74524620016186516e-13	1.00234724523056018	0.00000000000000000	0.00470000000000000018	4963.71639267235878	1.00234724525171415
80	0.999999999978598453	-8.79331329972643516e-14	0.00000000000000000	2.53423367360672280e-13	1.00234724523063390	0.00000000000000000	0.00470000000000000018	5026.54824574418399	1.00234724525208607
81	0.999999999978280485	-9.14398765039514672e-14	0.00000000000000000	1.86561703585663707e-13	1.00234724523073537	0.00000000000000000	0.00470000000000000018	5089.38009881597281	1.00234724525250618
82	0.999999999977750798	-9.45849369421609965e-14	0.00000000000000000	6.56554888581184493e-14	1.00234724523101160	0.00000000000000000	0.00470000000000000018	5152.21195188771435	1.00234724525331309
83	0.999999999977104093	-9.64673219777667512e-14	0.00000000000000000	-1.65221785905500518e-13	1.00234724523144747	0.00000000000000000	0.00470000000000000018	5215.04380495951682	1.00234724525439689
84	0.999999999976175613	-9.89357250638644992e-14	0.00000000000000000	-1.67300255680263854e-13	1.00234724523211560	0.00000000000000000	0.00470000000000000018	5277.87565803133657	1.00234724525599606
85	0.999999999975531462	-1.00443958706009084e-13	0.00000000000000000	2.76712246866095413e-13	1.00234724523249152	0.00000000000000000	0.00470000000000000018	5340.70751110317087	1.00234724525701790
86	0.999999999975152987	-1.01211790684563319e-13	0.00000000000000000	5.75171204067470576e-13	1.00234724523257279	0.00000000000000000	0.00470000000000000018	5403.53936417507157	1.00234724525747887
87	0.999999999975034637	-1.01248436717993329e-13	0.00000000000000000	5.97839052568494012e-13	1.00234724523239738	0.00000000000000000	0.00470000000000000018	5466.37121724685676	1.00234724525742269
88	0.999999999974974463	-1.01072362285181683e-13	0.00000000000000000	3.02841085542127075e-13	1.00234724523226282	0.00000000000000000	0.00470000000000000018	5529.20307031863467	1.00234724525734786
89	0.999999999974520493	-1.00108723394276566e-13	0.00000000000000000	-1.65240651023301766e-13	1.00234724523245111	0.00000000000000000	0.00470000000000000018	5592.03492339048898	1.00234724525799002
90	0.999999999973758769	-9.96013167775533503e-14	0.00000000000000000	-3.45139281737738557e-13	1.00234724523302576	0.00000000000000000	0.00470000000000000018	5654.86677646227236	1.00234724525932783
91	0.999999999972826514	-9.91706716746421080e-14	0.00000000000000000	-2.96008877131992421e-13	1.00234724523368435	0.00000000000000000	0.00470000000000000018	5717.69862953398570	1.00234724526092123
92	0.999999999972011389	-9.86407136527311934e-14	0.00000000000000000	-1.38983225969613322e-13	1.00234724523422347	0.00000000000000000	0.00470000000000000018	5780.53048260582182	1.00234724526227748
93	0.999999999971380893	-9.78540165563757114e-14	0.00000000000000000	2.21341391395957210e-13	1.00234724523455898	0.00000000000000000	0.00470000000000000018	5843.36233567760792	1.00234724526324537
94	0.999999999971186937	-9.72147709554782580e-14	0.00000000000000000	5.97236019320157574e-13	1.00234724523454233	0.00000000000000000	0.00470000000000000018	5906.19418874936855	1.00234724526342389
95	0.999999999971225129	-9.70274208200727628e-14	0.00000000000000000	7.70300815321200982e-13	1.00234724523422725	0.00000000000000000	0.00470000000000000018	5969.02604182127106	1.00234724526306973
96	0.999999999971324161	-9.70217829687758382e-14	0.00000000000000000	3.33900604648079691e-13	1.00234724523390772	0.00000000000000000	0.00470000000000000018	6031.85789489304807	1.00234724526265140
97	0.999999999970893061	-9.73335995135826693e-14	0.00000000000000000	-5.23461048812512431e-13	1.00234724523414687	0.00000000000000000	0.00470000000000000018	6094.68974796488146	1.00234724526332108
98	0.999999999969710451	-9.85331607972206314e-14	0.00000000000000000	-9.30362232566539493e-13	1.00234724523507768	0.00000000000000000	0.00470000000000000018	6157.52160103671667	1.00234724526543806
99	0.999999999968415820	-1.00178329173750136e-13	0.00000000000000000	-6.83320153932465146e-13	1.00234724523615282	0.00000000000000000	0.00470000000000000018	6220.35345410854825	1.00234724526780972
100	0.999999999967594921	-1.01327800317019268e-13	0.00000000000000000	7.49253090126522636e-14	1.00234724523674457	0.00000000000000000	0.00470000000000000018	6283.18530718036527	1.00234724526922614
