0.100000000000000019
0.100925288607668473
0.101859138805411698
0.102801629812647372
0.103752841581801300
0.104712854805089961
0.105681750921365863
0.106659612123025813
0.107646521362983486
0.108642562361706566
0.109647819614318534
0.110662378397766686
0.111686324778056123
0.112719745617551062
0.113762728582343126
0.114815362149688280
0.115877735615512636
0.116949939101987144
0.118032063565172970
0.119124200802737515
0.120226443461741328
0.121338885046497730
0.122461619926504894
0.123594743344451086
0.124738351424294361
0.125892541179416728
0.127057410520854203
0.128233058265602218
0.129419584144998628
0.130617088813184179
0.131825673855640757
0.133045441797809111
0.134276496113786420
0.135518941235103663
0.136772882559584946
0.138038426460288521
0.139315680294530370
0.140604752412991418
0.141905752168909244
0.143218789927354401
0.144543977074592794
0.145881426027534872
0.147231250243271938
0.148593564228700736
0.149968483550237369
0.151356124843620848
0.152756605823807290
0.154170045294955954
0.155596563160507489
0.157036280433355296
0.158489319246111399
0.159955802861466934
0.161435855682648677
0.162929603263972295
0.164437172321493186
0.165958690743756132
0.167494287602643788
0.169044093164326448
0.170608238900312403
0.172186857498600743
0.173780082874937569
0.175388050184176164
0.177010895831742149
0.178648757485205090
0.180301774085956934
0.181970085860998415
0.183653834334834704
0.185353162341481192
0.187068214036580138
0.188799134909629407
0.190546071796324767
0.192309172891015900
0.194088587759277870
0.195884467350599029
0.197696964011186138
0.199526231496888001
0.201372424986238863
0.203235701093622240
0.205116217882556601
0.207014134879104250
0.208929613085404003
0.210862814993329040
0.212813904598271264
0.214783047413053430
0.216770410481969572
0.218776162394955315
0.220800473301890038
0.222843514927030445
0.224905460583578160
0.226986485188382242
0.229086765276777377
0.231206479017559530
0.233345806228100305
0.235504928389601020
0.237684028662487723
0.239883291901949069
0.242102904673617891
0.244343055269397286
0.246603933723434005
0.248885731828239143
0.251188643150958124
0.253512863049790815
0.255858588690564659
0.258226019063459711
0.260615354999889637
0.263026799189538252
0.265460556197554043
0.267916832481903233
0.270395836410884438
0.272897778280804193
0.275422870333816738
0.277971326775929006
0.280543363795171419
0.283139199579937995
0.285759054337494767
0.288403150312660672
0.291071711806660638
0.293764965196153194
0.296483138952434333
0.299226463660819009
0.301995172040201709
0.304789498962798389
0.307609681474070917
0.310455958812835664
0.313328572431558650
0.316227766016838052
0.319153785510076227
0.322106879128343571
0.325087297385434459
0.328095293113119080
0.331131121482591217
0.334195040026114332
0.337287308658869023
0.340408189701001007
0.343557947899874705
0.346736850452531775
0.349945167028357373
0.353183169791957019
0.356451133426244349
0.359749335155742422
0.363078054770101410
0.366437574647833386
0.369828179780266331
0.373250157795720738
0.376703798983908988
0.380189396320561313
0.383707245492278914
0.387257644921617294
0.390840895792402221
0.394457302075278571
0.398107170553497369
0.401790810848940083
0.405508535448383944
0.409260659730010967
0.413047501990161492
0.416869383470335531
0.420726628384444190
0.424619563946313061
0.428548520397439625
0.432513831035008900
0.436515832240166102
0.440554863506553429
0.444631267469108860
0.448745389933132288
0.452897579903620950
0.457088189614875184
0.461317574560379529
0.465586093522959155
0.469894108605215577
0.474241985260244747
0.478630092322638534
0.483058802039772806
0.487528490103386447
0.492039535681451090
0.496592321450336216
0.501187233627272466
0.505824662003114267
0.510504999975406437
0.515228644581756656
0.519995996533516136
0.524807460249772872
0.529663443891657981
0.534564359396971778
0.539510622515127825
0.544502652842421386
0.549540873857624734
0.554625712957910966
0.559757601495110335
0.564936974812302650
0.570164272280747730
0.575439937337157148
0.580764417521312359
0.586138164514028892
0.591561634175474138
0.597035286583837088
0.602559586074357889
0.608135001278718224
0.613762005164794400
0.619441075076781589
0.625172692775686101
0.630957344480193472
0.636795520907916024
0.642687717317019902
0.648634433548238576
0.654636174067275145
0.660693448007596218
0.666806769213622363
0.672976656284318020
0.679203632617184749
0.685488226452661720
0.691830970918936750
0.698232404077171576
0.704693068967147229
0.711213513653329299
0.717794291271361962
0.724435960074990337
0.731139083483417718
0.737904230129101113
0.744731973905989331
0.751622894018205923
0.758577575029183993
0.765596606911256639
0.772680585095702699
0.779830110523258901
0.787045789695098974
0.794328234724281934
0.801678063387679329
0.809095899178382538
0.816582371358592796
0.824138115013002381
0.831763771102671301
0.839459986519397794
0.847227414140596990
0.855066712884683611
0.862978547766970694
0.870963589956081141
0.879022516830884615
0.887156012037961239
0.895364765549594321
0.903649473722301644
0.912010839355910097
0.920449571753171769
0.928966386779936593
0.937562006925880542
0.946237161365793500
0.954992586021436107
0.963829023623970826
0.972747223776965542
0.981747943019984581
0.990831944892767824
1.000000000000000444
1.009252886076684952
1.018591388054117308
1.028016298126473993
1.037528415818013139
1.047128548050899832
1.056817509213658912
1.066596121230258376
1.076465213629835160
1.086425623617065961
1.096478196143185535
1.106623783977666475
1.116863247780561563
1.127197456175510926
1.137627285823431533
1.148153621496883048
1.158777356155126670
1.169499391019871659
1.180320635651729955
1.191242008027375343
1.202264434617413613
1.213388850464977464
1.224616199265049277
1.235947433444511079
1.247383514242943248
1.258925411794167726
1.270574105208542415
1.282330582656021845
1.294195841449986561
1.306170888131842123
1.318256738556407237
1.330454417978091497
1.342764961137864477
1.355189412351036848
1.367728825595849518
1.380384264602885436
1.393156802945303863
1.406047524129914184
1.419057521689092827
1.432187899273544174
1.445439770745927888
1.458814260275348884
1.472312502432719716
1.485935642287007363
1.499684835502373970
1.513561248436208873
1.527566058238073676
1.541700452949559930
1.555965631605075172
1.570362804333553353
1.584893192461114042
1.599558028614669558
1.614358556826487323
1.629296032639722780
1.644371723214932413
1.659586907437561543
1.674942876026437766
1.690440931643264921
1.706082389003124478
1.721868574986007427
1.737800828749376025
1.753880501841762030
1.770108958317421433
1.786487574852051230
1.803017740859569784
1.819700858609984540
1.836538343348347091
1.853531623414812257
1.870682140365801605
1.887991349096294069
1.905460717963248118
1.923091728910159448
1.940885877592778641
1.958844673505990563
1.976969640111861937
1.995262314968880180
2.013724249862388849
2.032357010936222785
2.051162178825566951
2.070141348791042724
2.089296130854040534
2.108628149933290619
2.128139045982712751
2.147830474130534739
2.167704104819696109
2.187761623949553424
2.208004733018900989
2.228435149270305171
2.249054605835781651
2.269864851883822698
2.290867652767774487
2.312064790175595075
2.333458062281003720
2.355049283896010870
2.376840286624877230
2.398832919019491250
2.421029046736179247
2.443430552693973468
2.466039337234339879
2.488857318282391873
2.511886431509581463
2.535128630497908375
2.558585886905647033
2.582260190634597663
2.606153549998896146
2.630267991895383073
2.654605561975540873
2.679168324819032332
2.703958364108844936
2.728977782808042374
2.754228703338168494
2.779713267759289952
2.805433637951714854
2.831391995799381167
2.857590543374947778
2.884031503126607276
2.910717118066607156
2.937649651961531827
2.964831389524343663
2.992264636608191086
3.019951720402016981
3.047894989627984330
3.076096814740709728
3.104559588128356307
3.133285724315586940
3.162277660168381299
3.191537855100762489
3.221068791283435928
3.250872973854345371
3.280952931131192241
3.311311214825912064
3.341950400261144427
3.372873086588691116
3.404081897010009961
3.435579478998747938
3.467368504525318418
3.499451670283573623
3.531831697919571411
3.564511334262444375
3.597493351557424113
3.630780547701014882
3.664375746478334861
3.698281797802664528
3.732501577957207495
3.767037989839090439
3.801893963205614568
3.837072454922789255
3.872576449216174055
3.908408957924022875
3.944573020752785375
3.981071705534974470
4.017908108489401720
4.055085354483839666
4.092606597300110671
4.130475019901616029
4.168693834703355527
4.207266283844442789
4.246195639463131499
4.285485203974396029
4.325138310350088666
4.365158322401661906
4.405548635065535734
4.446312674691088596
4.487453899331323548
4.528975799036210503
4.570881896148751622
4.613175745603796507
4.655860935229592101
4.698941086052156102
4.742419852602449026
4.786300923226386672
4.830588020397728499
4.875284901033865026
4.920395356814512233
4.965923214503364491
5.011872336272724660
5.058246620031143337
5.105049999754066370
5.152286445817567007
5.199959965335162693
5.248074602497729835
5.296634438916580478
5.345643593969719554
5.395106225151280022
5.445026528424214085
5.495408738576248453
5.546257129579110767
5.597576014951106238
5.649369748123030277
5.701642722807475749
5.754399373371571258
5.807644175213122928
5.861381645140291141
5.915616341754743601
5.970352865838373546
6.025595860743577781
6.081350012787180681
6.137620051647944663
6.194410750767817220
6.251726927756862118
6.309573444801937825
6.367955209079164014
6.426877173170197466
6.486344335482385759
6.546361740672752560
6.606934480075963734
6.668067692136226299
6.729766562843183308
6.792036326171846383
6.854882264526617419
6.918309709189367496
6.982324040771717755
7.046930689671474290
7.112135136533296098
7.177942912713624501
7.244359600749902484
7.311390834834177177
7.379042301291013572
7.447319739059895305
7.516228940182061002
7.585775750291844588
7.655966069112564831
7.726805850957025434
7.798301105232591013
7.870457896950990850
7.943282347242821118
8.016780633876798845
8.090958991783823606
8.165823713585925958
8.241381150130026256
8.317637711026714342
8.394599865193979937
8.472274141405971903
8.550667128846841436
8.629785477669704719
8.709635899560808525
8.790225168308847259
8.871560120379614389
8.953647655495945656
9.036494737223023321
9.120108393559098303
9.204495717531715471
9.289663867799367480
9.375620069258808087
9.462371613657936109
9.549925860214367290
9.638290236239706488
9.727472237769653418
9.817479430199847812
9.908319448927681350
10.000000000000007105
