0	1.00000000000000000	0.00000000000000000	0.00000000000000000	-0.00000000000000000	1.00219758530940384	0.00000000000000000	0.00440000000000000027	0.00000000000000000	1.00219758530940428
1	0.999999999999998113	-3.40179273639051871e-15	0.00000000000000000	-2.94044302795448687e-14	1.00219758530942804	0.00000000000000000	0.00440000000000000027	62.8318530717999479	1.00219758530943026
2	1.00000000000007172	-7.77936742801799141e-15	0.00000000000000000	4.40012609681517119e-15	1.00219758530940450	0.00000000000000000	0.00440000000000000027	125.663706143600322	1.00219758530933256
3	1.00000000000004485	-1.33686464676152639e-14	0.00000000000000000	1.16654515908143352e-13	1.00219758530939207	0.00000000000000000	0.00440000000000000027	188.495559215401016	1.00219758530934788
4	1.00000000000000133	-1.91981847086353241e-14	0.00000000000000000	1.83903239858729250e-13	1.00219758530936409	0.00000000000000000	0.00440000000000000027	251.327412287201554	1.00219758530936365
5	1.00000000000000466	-2.03023362010945618e-14	0.00000000000000000	5.58151615204227625e-14	1.00219758530929615	0.00000000000000000	0.00440000000000000027	314.159265359000813	1.00219758530929171
6	0.999999999999827360	-1.99855323262942974e-14	0.00000000000000000	-1.16026979690708743e-13	1.00219758530940672	0.00000000000000000	0.00440000000000000027	376.991118430802089	1.00219758530957948
7	0.999999999999606204	-1.96761010262669345e-14	0.00000000000000000	-1.65862983070308445e-13	1.00219758530956260	0.00000000000000000	0.00440000000000000027	439.822971502602570	1.00219758530995606
8	0.999999999999289124	-1.91379030678451301e-14	0.00000000000000000	-1.94028820788005874e-13	1.00219758530982328	0.00000000000000000	0.00440000000000000027	502.654824574406121	1.00219758531053471
9	0.999999999999085731	-1.82076576038525673e-14	0.00000000000000000	-2.62086359559265958e-14	1.00219758530998182	0.00000000000000000	0.00440000000000000027	565.486677646205862	1.00219758531089820
10	0.999999999998968603	-1.77089788146178595e-14	0.00000000000000000	1.14975140953071930e-13	1.00219758531002401	0.00000000000000000	0.00440000000000000027	628.318530718006514	1.00219758531105763
11	0.999999999998970046	-1.72240693929737176e-14	0.00000000000000000	2.03818732724680984e-13	1.00219758530996605	0.00000000000000000	0.00440000000000000027	691.150383789804664	1.00219758531099923
12	0.999999999999100608	-1.68328892491409476e-14	0.00000000000000000	2.23690369612755680e-13	1.00219758530982439	0.00000000000000000	0.00440000000000000027	753.982236861607134	1.00219758531072567
13	0.999999999999243272	-1.64434438287841544e-14	0.00000000000000000	1.32875481451133481e-13	1.00219758530969316	0.00000000000000000	0.00440000000000000027	816.814089933404944	1.00219758531045189
14	0.999999999999084288	-1.59811400224363354e-14	0.00000000000000000	-8.59277926590351626e-14	1.00219758530977354	0.00000000000000000	0.00440000000000000027	879.645943005203662	1.00219758531069081
15	0.999999999998892330	-1.54399062979315715e-14	0.00000000000000000	-1.47360220034665427e-13	1.00219758530998249	0.00000000000000000	0.00440000000000000027	942.477796077000335	1.00219758531109226
16	0.999999999998752553	-1.49437753838022047e-14	0.00000000000000000	-6.92666410340159189e-14	1.00219758531009062	0.00000000000000000	0.00440000000000000027	1005.30964914879598	1.00219758531134051
17	0.999999999998684386	-1.51016352201160942e-14	0.00000000000000000	7.16787740273616691e-15	1.00219758531014747	0.00000000000000000	0.00440000000000000027	1068.14150222059379	1.00219758531146619
18	0.999999999998661515	-1.78286205243516349e-14	0.00000000000000000	9.95297594341693070e-14	1.00219758531012570	0.00000000000000000	0.00440000000000000027	1130.97335529240445	1.00219758531146752
19	0.999999999998717692	-2.46261344649667535e-14	0.00000000000000000	2.18753726070886056e-13	1.00219758531005598	0.00000000000000000	0.00440000000000000027	1193.80520836420101	1.00219758531134140
20	0.999999999998729017	-2.66436178675277802e-14	0.00000000000000000	1.96798442342674407e-13	1.00219758530996761	0.00000000000000000	0.00440000000000000027	1256.63706143599757	1.00219758531124170
21	0.999999999998742117	-2.60104437987962456e-14	0.00000000000000000	3.74700270810990332e-16	1.00219758530990544	0.00000000000000000	0.00440000000000000027	1319.46891450779799	1.00219758531116576
22	0.999999999998432809	-2.52376244902485780e-14	0.00000000000000000	-1.67899548431105217e-13	1.00219758531012526	0.00000000000000000	0.00440000000000000027	1382.30076757960069	1.00219758531169489
23	0.999999999998106959	-2.47579734491409909e-14	0.00000000000000000	-2.01348486494890011e-13	1.00219758531036773	0.00000000000000000	0.00440000000000000027	1445.13262065139475	1.00219758531226377
24	0.999999999997761124	-2.41959230429245054e-14	0.00000000000000000	-1.38325115250914621e-13	1.00219758531062553	0.00000000000000000	0.00440000000000000027	1507.96447372319835	1.00219758531286929
25	0.999999999997623346	-2.36659650210135908e-14	0.00000000000000000	3.31661781372005748e-14	1.00219758531069991	0.00000000000000000	0.00440000000000000027	1570.79632679499491	1.00219758531308134
26	0.999999999997550293	-2.33363675605779974e-14	0.00000000000000000	2.58067872627165684e-13	1.00219758531069147	0.00000000000000000	0.00440000000000000027	1633.62817986679261	1.00219758531314773
27	0.999999999997588929	-2.28341651142827118e-14	0.00000000000000000	2.69478016290403133e-13	1.00219758531059133	0.00000000000000000	0.00440000000000000027	1696.46003293859485	1.00219758531300873
28	0.999999999997630007	-2.22894619428259944e-14	0.00000000000000000	1.56430424169684557e-13	1.00219758531050651	0.00000000000000000	0.00440000000000000027	1759.29188601040187	1.00219758531288305
29	0.999999999997586042	-2.19312415450367837e-14	0.00000000000000000	1.73298875250083029e-15	1.00219758531053094	0.00000000000000000	0.00440000000000000027	1822.12373908218933	1.00219758531295011
30	0.999999999997467359	-2.14705640419476929e-14	0.00000000000000000	-7.02084874612540766e-14	1.00219758531062242	0.00000000000000000	0.00440000000000000027	1884.95559215398953	1.00219758531316017
31	0.999999999997431055	-2.10612777218344149e-14	0.00000000000000000	-8.79678274667838878e-14	1.00219758531065439	0.00000000000000000	0.00440000000000000027	1947.78744522578336	1.00219758531322856
32	0.999999999997169819	-2.06566534710628247e-14	0.00000000000000000	-1.04571733217095897e-13	1.00219758531082137	0.00000000000000000	0.00440000000000000027	2010.61929829758037	1.00219758531365710
33	0.999999999996982858	-2.02407535176973852e-14	0.00000000000000000	-1.59433881027903901e-13	1.00219758531097725	0.00000000000000000	0.00440000000000000027	2073.45115136938512	1.00219758531400061
34	0.999999999996770805	-1.98816657581701861e-14	0.00000000000000000	-3.19414633631609490e-14	1.00219758531112491	0.00000000000000000	0.00440000000000000027	2136.28300444118031	1.00219758531436054
35	0.999999999996565525	-1.96058447254898738e-14	0.00000000000000000	1.45407991203327924e-13	1.00219758531123482	0.00000000000000000	0.00440000000000000027	2199.11485751298869	1.00219758531467762
36	0.999999999996657118	-1.93022681171939325e-14	0.00000000000000000	2.77619724084465780e-13	1.00219758531111602	0.00000000000000000	0.00440000000000000027	2261.94671058479071	1.00219758531446690
37	0.999999999996756594	-1.92909924146000833e-14	0.00000000000000000	2.70890081199848254e-13	1.00219758531096859	0.00000000000000000	0.00440000000000000027	2324.77856365659545	1.00219758531422110
38	0.999999999996882050	-2.02442229646493388e-14	0.00000000000000000	1.23536597618212340e-13	1.00219758531084335	0.00000000000000000	0.00440000000000000027	2387.61041672839747	1.00219758531396930
39	0.999999999996849187	-2.02823868811208285e-14	0.00000000000000000	-1.16561708202178593e-13	1.00219758531087311	0.00000000000000000	0.00440000000000000027	2450.44226980019039	1.00219758531403036
40	0.999999999996625033	-1.99840144432528177e-14	0.00000000000000000	-2.28008584235439571e-13	1.00219758531106917	0.00000000000000000	0.00440000000000000027	2513.27412287202105	1.00219758531445025
41	0.999999999996314837	-2.00481992118639596e-14	0.00000000000000000	-2.02626110334946929e-13	1.00219758531131053	0.00000000000000000	0.00440000000000000027	2576.10597594380079	1.00219758531500136
42	0.999999999996221245	-1.95659460855424072e-14	0.00000000000000000	-2.33678961597538759e-13	1.00219758531141445	0.00000000000000000	0.00440000000000000027	2638.93782901558779	1.00219758531520142
43	0.999999999996209477	-1.93959431848966801e-14	0.00000000000000000	-1.04483262319821080e-13	1.00219758531144310	0.00000000000000000	0.00440000000000000027	2701.76968208739072	1.00219758531524095
44	0.999999999996084687	-1.91513471747839503e-14	0.00000000000000000	5.03798391893184316e-14	1.00219758531153080	0.00000000000000000	0.00440000000000000027	2764.60153515920047	1.00219758531545500
45	0.999999999996111000	-1.89804769124002348e-14	0.00000000000000000	1.74144552944621722e-13	1.00219758531152214	0.00000000000000000	0.00440000000000000027	2827.43338823098838	1.00219758531542102
46	0.999999999996091793	-1.86855739214841776e-14	0.00000000000000000	2.10039017428664820e-13	1.00219758531155434	0.00000000000000000	0.00440000000000000027	2890.26524130279131	1.00219758531547209
47	0.999999999996042499	-1.85094994886725317e-14	0.00000000000000000	1.96846011712992208e-13	1.00219758531161895	0.00000000000000000	0.00440000000000000027	2953.09709437458378	1.00219758531558667
48	0.999999999995936584	-1.86656246015104443e-14	0.00000000000000000	2.41589734328861994e-13	1.00219758531170355	0.00000000000000000	0.00440000000000000027	3015.92894744639352	1.00219758531577807
49	0.999999999995938138	-1.83221493532670365e-14	0.00000000000000000	2.73968781688838092e-13	1.00219758531167979	0.00000000000000000	0.00440000000000000027	3078.76080051818235	1.00219758531575098
50	0.999999999995928479	-1.84366411026815058e-14	0.00000000000000000	2.64378796632769308e-13	1.00219758531167757	0.00000000000000000	0.00440000000000000027	3141.59265358998437	1.00219758531575986
51	0.999999999995886957	-1.84004287501204900e-14	0.00000000000000000	2.81462353424188905e-13	1.00219758531169534	0.00000000000000000	0.00440000000000000027	3204.42450666178092	1.00219758531581804
52	0.999999999995930700	-1.82657708402977903e-14	0.00000000000000000	3.28620811118618406e-13	1.00219758531165826	0.00000000000000000	0.00440000000000000027	3267.25635973359203	1.00219758531573810
53	0.999999999995930366	-1.81486770056693558e-14	0.00000000000000000	3.14243422949722628e-13	1.00219758531164760	0.00000000000000000	0.00440000000000000027	3330.08821280540269	1.00219758531572878
54	0.999999999995786149	-1.82198006681844049e-14	0.00000000000000000	2.98904997975135700e-13	1.00219758531173064	0.00000000000000000	0.00440000000000000027	3392.92006587720380	1.00219758531595682
55	0.999999999995771272	-1.85168720634454331e-14	0.00000000000000000	3.79204480316364112e-13	1.00219758531172398	0.00000000000000000	0.00440000000000000027	3455.75191894900263	1.00219758531596370
56	0.999999999995654698	-1.85134026164934795e-14	0.00000000000000000	3.09635997397528229e-13	1.00219758531177638	0.00000000000000000	0.00440000000000000027	3518.58377202079873	1.00219758531613268
57	0.999999999995658251	-1.82648763735054898e-14	0.00000000000000000	3.13808630773501629e-13	1.00219758531176395	0.00000000000000000	0.00440000000000000027	3581.41562509261212	1.00219758531611536
58	0.999999999995555000	-1.82510256907519874e-14	0.00000000000000000	3.08295056150598157e-13	1.00219758531180592	0.00000000000000000	0.00440000000000000027	3644.24747816441823	1.00219758531626302
59	0.999999999995590860	-1.83564101419175785e-14	0.00000000000000000	2.65529351978210926e-13	1.00219758531177794	0.00000000000000000	0.00440000000000000027	3707.07933123624025	1.00219758531619774
60	0.999999999995497380	-1.84574577843932275e-14	0.00000000000000000	3.16380398984218714e-13	1.00219758531184322	0.00000000000000000	0.00440000000000000027	3769.91118430804318	1.00219758531635583
61	0.999999999995435984	-1.82995979480793380e-14	0.00000000000000000	3.21719647450313673e-13	1.00219758531188252	0.00000000000000000	0.00440000000000000027	3832.74303737983564	1.00219758531645708
62	0.999999999995424771	-1.84184265061837493e-14	0.00000000000000000	3.57138797701939126e-13	1.00219758531189185	0.00000000000000000	0.00440000000000000027	3895.57489045163311	1.00219758531647973
63	0.999999999995403566	-1.86270270041699604e-14	0.00000000000000000	3.39588166614612774e-13	1.00219758531188474	0.00000000000000000	0.00440000000000000027	3958.40674352343240	1.00219758531649217
64	0.999999999995345612	-1.87540954987852615e-14	0.00000000000000000	3.13276097771431061e-13	1.00219758531193248	0.00000000000000000	0.00440000000000000027	4021.23859659523350	1.00219758531659742
65	0.999999999995399791	-1.89796095506622464e-14	0.00000000000000000	3.59651544656891531e-13	1.00219758531189185	0.00000000000000000	0.00440000000000000027	4084.07044966703324	1.00219758531650438
66	0.999999999995447197	-1.90043293601949159e-14	0.00000000000000000	3.67069005399733861e-13	1.00219758531184433	0.00000000000000000	0.00440000000000000027	4146.90230273882298	1.00219758531640823
67	0.999999999995355493	-1.90828255974828664e-14	0.00000000000000000	3.59327151366883868e-13	1.00219758531186542	0.00000000000000000	0.00440000000000000027	4209.73415581062454	1.00219758531652237
68	0.999999999995265898	-1.95130370195251146e-14	0.00000000000000000	3.62831292788357018e-13	1.00219758531190939	0.00000000000000000	0.00440000000000000027	4272.56600888243975	1.00219758531665626
69	0.999999999995298761	-1.94427807187480539e-14	0.00000000000000000	4.25798285519363162e-13	1.00219758531187741	0.00000000000000000	0.00440000000000000027	4335.39786195423221	1.00219758531659298
70	0.999999999995294098	-1.97324795392361807e-14	0.00000000000000000	4.04104701090535201e-13	1.00219758531189007	0.00000000000000000	0.00440000000000000027	4398.22971502601740	1.00219758531660763
71	0.999999999995141664	-1.96813051966948649e-14	0.00000000000000000	4.34311440977719343e-13	1.00219758531198178	0.00000000000000000	0.00440000000000000027	4461.06156809779986	1.00219758531685343
72	0.999999999995088262	-1.97862559669914617e-14	0.00000000000000000	4.60136269364586070e-13	1.00219758531198933	0.00000000000000000	0.00440000000000000027	4523.89342116964326	1.00219758531691494
73	0.999999999995089817	-1.94950392634618552e-14	0.00000000000000000	4.94738798539895441e-13	1.00219758531199488	0.00000000000000000	0.00440000000000000027	4586.72527424141390	1.00219758531691694
74	0.999999999995075273	-1.95225779986429870e-14	0.00000000000000000	4.86783681939717550e-13	1.00219758531198377	0.00000000000000000	0.00440000000000000027	4649.55712731320818	1.00219758531691960
75	0.999999999994916622	-1.95139043812631030e-14	0.00000000000000000	4.60699187132540544e-13	1.00219758531208436	0.00000000000000000	0.00440000000000000027	4712.38898038500611	1.00219758531718206
76	0.999999999994830469	-1.96006270025347873e-14	0.00000000000000000	4.37942325633156049e-13	1.00219758531213521	0.00000000000000000	0.00440000000000000027	4775.22083345681767	1.00219758531731618
77	0.999999999994772404	-1.97732455409216357e-14	0.00000000000000000	4.50156405207291499e-13	1.00219758531216985	0.00000000000000000	0.00440000000000000027	4838.05268652860468	1.00219758531741188
78	0.999999999994786504	-1.97428878800920415e-14	0.00000000000000000	4.68335439873790449e-13	1.00219758531213499	0.00000000000000000	0.00440000000000000027	4900.88453960041716	1.00219758531736081
79	0.999999999994719557	-1.97394184331400879e-14	0.00000000000000000	5.22070667946517020e-13	1.00219758531217140	0.00000000000000000	0.00440000000000000027	4963.71639267218598	1.00219758531746539
80	0.999999999994676925	-1.96058447254898738e-14	0.00000000000000000	5.19554885225481655e-13	1.00219758531217895	0.00000000000000000	0.00440000000000000027	5026.54824574398390	1.00219758531751735
81	0.999999999994630184	-1.99389658429860450e-14	0.00000000000000000	5.54680650369232531e-13	1.00219758531220049	0.00000000000000000	0.00440000000000000027	5089.38009881577364	1.00219758531758263
82	0.999999999994391930	-1.99978922310606322e-14	0.00000000000000000	5.00982935691673958e-13	1.00219758531231418	0.00000000000000000	0.00440000000000000027	5152.21195188758611	1.00219758531793812
83	0.999999999994301669	-1.99857491667287945e-14	0.00000000000000000	5.36825792152306747e-13	1.00219758531234504	0.00000000000000000	0.00440000000000000027	5215.04380495939768	1.00219758531806069
84	0.999999999994209521	-1.99610293571961250e-14	0.00000000000000000	4.81596099805026157e-13	1.00219758531238612	0.00000000000000000	0.00440000000000000027	5277.87565803120924	1.00219758531819081
85	0.999999999994126254	-2.01739666638722781e-14	0.00000000000000000	4.48111166229114843e-13	1.00219758531245118	0.00000000000000000	0.00440000000000000027	5340.70751110299443	1.00219758531834024
86	0.999999999994026556	-2.01401395560907304e-14	0.00000000000000000	4.44184619641241341e-13	1.00219758531248337	0.00000000000000000	0.00440000000000000027	5403.53936417478781	1.00219758531847369
87	0.999999999993889332	-1.99857491667287945e-14	0.00000000000000000	4.37731448310607618e-13	1.00219758531258529	0.00000000000000000	0.00440000000000000027	5466.37121724658573	1.00219758531871350
88	0.999999999993881894	-1.99441158033053512e-14	0.00000000000000000	5.08155529373860437e-13	1.00219758531258485	0.00000000000000000	0.00440000000000000027	5529.20307031839729	1.00219758531871683
89	0.999999999993961830	-2.00429950414360292e-14	0.00000000000000000	5.04487077113147109e-13	1.00219758531250891	0.00000000000000000	0.00440000000000000027	5592.03492339022432	1.00219758531856473
90	0.999999999993836264	-2.00638117231477509e-14	0.00000000000000000	4.39655690326334891e-13	1.00219758531259084	0.00000000000000000	0.00440000000000000027	5654.86677646201952	1.00219758531876968
91	0.999999999993805067	-2.00586075527198204e-14	0.00000000000000000	4.50782640382119126e-13	1.00219758531257463	0.00000000000000000	0.00440000000000000027	5717.69862953382653	1.00219758531878589
92	0.999999999993611555	-2.01141187039510783e-14	0.00000000000000000	5.46089215514022897e-13	1.00219758531267056	0.00000000000000000	0.00440000000000000027	5780.53048260564447	1.00219758531907788
93	0.999999999993605337	-2.01600888760644636e-14	0.00000000000000000	5.72453542901918411e-13	1.00219758531265701	0.00000000000000000	0.00440000000000000027	5843.36233567743420	1.00219758531906944
94	0.999999999993586797	-2.02147326655577331e-14	0.00000000000000000	5.63176241752394446e-13	1.00219758531263192	0.00000000000000000	0.00440000000000000027	5906.19418874924122	1.00219758531906433
95	0.999999999993610666	-2.01943496647150056e-14	0.00000000000000000	5.53927563540224099e-13	1.00219758531262015	0.00000000000000000	0.00440000000000000027	5969.02604182104187	1.00219758531902503
96	0.999999999993522515	-2.00950367457153334e-14	0.00000000000000000	5.32436941758085425e-13	1.00219758531265368	0.00000000000000000	0.00440000000000000027	6031.85789489289618	1.00219758531914982
97	0.999999999993556932	-2.01852423664661274e-14	0.00000000000000000	5.04386463151540454e-13	1.00219758531261505	0.00000000000000000	0.00440000000000000027	6094.68974796468046	1.00219758531907477
98	0.999999999993609778	-2.02615701994091069e-14	0.00000000000000000	4.63316017496051558e-13	1.00219758531258529	0.00000000000000000	0.00440000000000000027	6157.52160103647475	1.00219758531899283
99	0.999999999993625988	-2.02398861559593968e-14	0.00000000000000000	4.36739186482348885e-13	1.00219758531257597	0.00000000000000000	0.00440000000000000027	6220.35345410826812	1.00219758531896597
100	0.999999999993682165	-2.04055522479151819e-14	0.00000000000000000	3.93538500398360469e-13	1.00219758531251801	0.00000000000000000	0.00440000000000000027	6283.18530718004968	1.00219758531885095
