0	1.00000000000000000	0.00000000000000000	0.00000000000000000	-0.00000000000000000	1.00219758530940384	0.00000000000000000	0.00440000000000000027	0.00000000000000000	1.00219758530940428
1	0.999998932968043985	0.000141173609696896565	0.00000000000000000	-7.07392454726038337e-05	1.00217054674101691	0.00000000000000000	0.00440000000000000027	62.8318530718000048	1.00059738490871131
2	0.999991062718237567	0.000189493342965010067	0.00000000000000000	-9.49433117496769111e-05	1.00210275351701750	0.00000000000000000	0.00440000000000000027	125.663706143599910	1.00121036618349146
3	0.999964466055073831	9.12064663171185258e-05	0.00000000000000000	-4.56959591728775191e-05	1.00202664762834437	0.00000000000000000	0.00440000000000000027	188.495559215399794	1.00198310884558617
4	0.999904781672103615	-0.000155512842553651859	0.00000000000000000	7.79091192374889441e-05	1.00197832788930707	0.00000000000000000	0.00440000000000000027	251.327412287200815	1.00275524813253014
5	0.999800012063685739	-0.000512453247906729820	0.00000000000000000	0.000256750381295645265	1.00198567044867981	0.00000000000000000	0.00440000000000000027	314.159265359001779	1.00339273669203655
6	0.999643623921426583	-0.000920950054890056066	0.00000000000000000	0.000461509317716112238	1.00206387827487009	0.00000000000000000	0.00440000000000000027	376.991118430802089	1.00385866958634673
7	0.999435781499007692	-0.00131766444923872182	0.00000000000000000	0.000660568403952216561	1.00221594182367268	0.00000000000000000	0.00440000000000000027	439.822971502601263	1.00415986661135404
8	0.999183244972915219	-0.00164410837308629366	0.00000000000000000	0.000824668885293049561	1.00243488854415430	0.00000000000000000	0.00440000000000000027	502.654824574400152	1.00431910951856906
9	0.998898485787097723	-0.00185179482083592303	0.00000000000000000	0.000929415554411636667	1.00270623845384788	0.00000000000000000	0.00440000000000000027	565.486677646200405	1.00436317090337757
10	0.998598389231601269	-0.00190512301957406838	0.00000000000000000	0.000956830199947947724	1.00301021730776352	0.00000000000000000	0.00440000000000000027	628.318530717995600	1.00431514929566723
11	0.998302764053539127	-0.00178243850323474414	0.00000000000000000	0.000895831455053658528	1.00332372061221275	0.00000000000000000	0.00440000000000000027	691.150383789800003	1.00419928910125700
12	0.998032789863113168	-0.00147640591259102540	0.00000000000000000	0.000742503313388633880	1.00362210651379113	0.00000000000000000	0.00440000000000000027	753.982236861600995	1.00403679029451998
13	0.997809491287697137	-0.000993689331249365034	0.00000000000000000	0.000500018418622536886	1.00388086869482329	0.00000000000000000	0.00440000000000000027	816.814089933401078	1.00384190127492490
14	0.997652305960766150	-0.000353998130637944806	0.00000000000000000	0.000178208402324848145	1.00407719607286916	0.00000000000000000	0.00440000000000000027	879.645943005205481	1.00363000808560199
15	0.997577800088522260	0.000411351039086294869	0.00000000000000000	-0.000207111824541292289	1.00419139213780917	0.00000000000000000	0.00440000000000000027	942.477796077008065	1.00341706241711659
16	0.997598575389648357	0.00126135289982151622	0.00000000000000000	-0.000635102107152950811	1.00420810743502220	0.00000000000000000	0.00440000000000000027	1005.30964914880303	1.00321301027189014
17	0.997722401704897011	0.00214765880422324897	0.00000000000000000	-0.00108112237294866360	1.00411733194284314	0.00000000000000000	0.00440000000000000027	1068.14150222060448	1.00302455870120566
18	0.997951600776702530	0.00301722711053593971	0.00000000000000000	-0.00151814239030506788	1.00391509793356892	0.00000000000000000	0.00440000000000000027	1130.97335529240650	1.00286517544161891
19	0.998282698539117330	0.00381519480897128064	0.00000000000000000	-0.00191829079791285256	1.00360385597749802	0.00000000000000000	0.00440000000000000027	1193.80520836419373	1.00273733738735493
20	0.998706356266988449	0.00448772080697808912	0.00000000000000000	-0.00225433191244721939	1.00319250487719502	0.00000000000000000	0.00440000000000000027	1256.63706143599347	1.00264654125196895
21	0.999207581851233595	0.00498503815748910055	0.00000000000000000	-0.00250134985288427529	1.00269607630447655	0.00000000000000000	0.00440000000000000027	1319.46891450779253	1.00259654139713694
22	0.999766218330107703	0.00526407254416213014	0.00000000000000000	-0.00263803769189699128	1.00213509766708864	0.00000000000000000	0.00440000000000000027	1382.30076757957909	1.00258953910903714
23	1.00035769564564303	0.00529091995271991408	0.00000000000000000	-0.00264793446918294099	1.00153467388571205	0.00000000000000000	0.00440000000000000027	1445.13262065137701	1.00262511344785854
24	1.00095402478937068	0.00504288813174015235	0.00000000000000000	-0.00252036544239301642	1.00092334411841111	0.00000000000000000	0.00440000000000000027	1507.96447372317994	1.00270387349745671
25	1.00152500275182033	0.00451007244111804526	0.00000000000000000	-0.00225111094231562284	1.00033177766500314	0.00000000000000000	0.00440000000000000027	1570.79632679498809	1.00281942661889700
26	1.00203958655319947	0.00369637339776148974	0.00000000000000000	-0.00184276500160670056	0.999791376180582447	0.00000000000000000	0.00440000000000000027	1633.62817986678124	1.00297014711412280
27	1.00246738396895330	0.00261992984103611836	0.00000000000000000	-0.00130480637509296313	0.999332846606557745	0.00000000000000000	0.00440000000000000027	1696.46003293857370	1.00315148536933663
28	1.00278019933538998	0.00131294197321383871	0.00000000000000000	-0.000653394144606508150	0.998984802623677615	0.00000000000000000	0.00440000000000000027	1759.29188601037117	1.00335289355834578
29	1.00295356563098714	-0.000179117767591630353	0.00000000000000000	8.90923314244094350e-05	0.998772443253292730	0.00000000000000000	0.00440000000000000027	1822.12373908216910	1.00356275168863718
30	1.00296819021310069	-0.00179884072611689568	0.00000000000000000	0.000894703123041417497	0.998716347084761091	0.00000000000000000	0.00440000000000000027	1884.95559215396224	1.00377997133920771
31	1.00281124233374186	-0.00347873920903342664	0.00000000000000000	0.00173075449952660339	0.998831410763470817	0.00000000000000000	0.00440000000000000027	1947.78744522575653	1.00398530570117317
32	1.00247741594266393	-0.00514351743610489028	0.00000000000000000	0.00256079380725864969	0.999125951050818695	0.00000000000000000	0.00440000000000000027	2010.61929829754786	1.00416902379888584
33	1.00196971179156491	-0.00671267161364479809	0.00000000000000000	0.00334567946144335125	0.999600980693590269	0.00000000000000000	0.00440000000000000027	2073.45115136936420	1.00430936175984553
34	1.00129989768583894	-0.00810329451100234507	0.00000000000000000	0.00404474126342547254	1.00024965770138929	0.00000000000000000	0.00440000000000000027	2136.28300444116530	1.00439267739603499
35	1.00048862340246569	-0.00923296112826050772	0.00000000000000000	0.00461699470576765712	1.00105689223011085	0.00000000000000000	0.00440000000000000027	2199.11485751299051	1.00439433536847211
36	0.999565183628199683	-0.0100226237668435327	0.00000000000000000	0.00502242128892480162	1.00199907022252566	0.00000000000000000	0.00440000000000000027	2261.94671058479844	1.00428810960478909
37	0.998566932429432730	-0.0103995214916824952	0.00000000000000000	0.00522335042317037101	1.00304381475206794	0.00000000000000000	0.00440000000000000027	2324.77856365660682	1.00405204808982251
38	0.997538343737408462	-0.0103003779431148374	0.00000000000000000	0.00518611725655877213	1.00414966201041111	0.00000000000000000	0.00440000000000000027	2387.61041672841384	1.00365114825925028
39	0.996529664538291726	-0.00967566319639336092	0.00000000000000000	0.00488340801037167628	1.00526553227899251	0.00000000000000000	0.00440000000000000027	2450.44226980019539	1.00306244204223938
40	0.995594995623211965	-0.00849655571143615937	0.00000000000000000	0.00429813773264658451	1.00633010391332145	0.00000000000000000	0.00440000000000000027	2513.27412287197649	1.00231913450602139
41	0.994789462517476464	-0.00676697512997460372	0.00000000000000000	0.00343008670626604841	1.00727203253808106	0.00000000000000000	0.00440000000000000027	2576.10597594377987	1.00146698034718873
42	0.994165038644123755	-0.00454138392833026115	0.00000000000000000	0.00230559216082891743	1.00801368042455208	0.00000000000000000	0.00440000000000000027	2638.93782901557597	1.00070245054459317
43	0.993764920159527776	-0.00194154228509669266	0.00000000000000000	0.000986666691313573853	1.00848225633138000	0.00000000000000000	0.00440000000000000027	2701.76968208736707	1.00022836772046619
44	0.993617482181198830	0.000845840634002279542	0.00000000000000000	-0.000430004680474770605	1.00862846974781162	0.00000000000000000	0.00440000000000000027	2764.60153515918819	1.00025206840221692
45	0.993732164788557415	0.00360502994580482339	0.00000000000000000	-0.00183200175502921427	1.00844259412475057	0.00000000000000000	0.00440000000000000027	2827.43338823099202	1.00075288584984023
46	0.994099388567971309	0.00614417586821268923	0.00000000000000000	-0.00311920049149197378	1.00795438315398189	0.00000000000000000	0.00440000000000000027	2890.26524130280131	1.00155446404091175
47	0.994694286170377029	0.00832898557283159348	0.00000000000000000	-0.00422182068363173481	1.00721743819133991	0.00000000000000000	0.00440000000000000027	2953.09709437459560	1.00240480257258668
48	0.995481951005756427	0.0100833879879048439	0.00000000000000000	-0.00510101788466812631	1.00629187897153938	0.00000000000000000	0.00440000000000000027	3015.92894744637897	1.00316105309029679
49	0.996422013807499840	0.0113729669890068816	0.00000000000000000	-0.00574025884560173602	1.00523467546727274	0.00000000000000000	0.00440000000000000027	3078.76080051818508	1.00374217814755595
50	0.997471769107467154	0.0121887137082752409	0.00000000000000000	-0.00613669606590313502	1.00409697162214129	0.00000000000000000	0.00440000000000000027	3141.59265358998209	1.00413130385298466
51	0.998588108416082143	0.0125371262444244590	0.00000000000000000	-0.00629577340788778361	1.00292444931498936	0.00000000000000000	0.00440000000000000027	3204.42450666180639	1.00436330712017852
52	0.999728765825028898	0.0124355188702855324	0.00000000000000000	-0.00622852447365734602	1.00175819635298424	0.00000000000000000	0.00440000000000000027	3267.25635973361477	1.00445775908496238
53	1.00085324445691204	0.0119100639396242745	0.00000000000000000	-0.00595029866671378978	1.00063523936795895	0.00000000000000000	0.00440000000000000027	3330.08821280541679	1.00444393310307056
54	1.00192360913573242	0.0109948856641598515	0.00000000000000000	-0.00548006696040462173	0.999588689120642249	0.00000000000000000	0.00440000000000000027	3392.92006587723472	1.00434998461325709
55	1.00290521072821459	0.00973140128874269879	0.00000000000000000	-0.00483992301064789781	0.998647647333420929	0.00000000000000000	0.00440000000000000027	3455.75191894904083	1.00419668965369580
56	1.00376734919687083	0.00816753955097796781	0.00000000000000000	-0.00405458131884601537	0.997837016120718179	0.00000000000000000	0.00440000000000000027	3518.58377202084239	1.00400319702332519
57	1.00448385833251730	0.00635677468408787655	0.00000000000000000	-0.00315085983743130984	0.997177300222222285	0.00000000000000000	0.00440000000000000027	3581.41562509265623	1.00378334620128795
58	1.00503359034179818	0.00435697545815657943	0.00000000000000000	-0.00215714012432669661	0.996684449829714048	0.00000000000000000	0.00440000000000000027	3644.24747816443505	1.00355439456113893
59	1.00540078105356501	0.00222911007238144401	0.00000000000000000	-0.00110281591195040152	0.996369764307973527	0.00000000000000000	0.00440000000000000027	3707.07933123622979	1.00333072305701743
60	1.00557528225264758	3.58718861468176366e-05	0.00000000000000000	-1.77558534652632466e-05	0.996239861721799236	0.00000000000000000	0.00440000000000000027	3769.91118430803772	1.00311686478485718
61	1.00555265441819142	-0.00215974393101473405	0.00000000000000000	0.00106823076279182524	0.996296711732086004	0.00000000000000000	0.00440000000000000027	3832.74303737981973	1.00292841875219851
62	1.00533411932384675	-0.00429584702103983761	0.00000000000000000	0.00212589999047577832	0.996537726767310339	0.00000000000000000	0.00440000000000000027	3895.57489045162129	1.00276639609929408
63	1.00492637764243153	-0.00631302324980396491	0.00000000000000000	0.00312706935364215127	0.996955906668770653	0.00000000000000000	0.00440000000000000027	3958.40674352341284	1.00264261706418489
64	1.00434130115117881	-0.00815563338328090422	0.00000000000000000	0.00404509933468023223	0.997540033712952301	0.00000000000000000	0.00440000000000000027	4021.23859659519940	1.00255825033021084
65	1.00359551270001290	-0.00977301203359377119	0.00000000000000000	0.00485536069436572418	0.998274917357564129	0.00000000000000000	0.00440000000000000027	4084.07044966699959	1.00251594238125352
66	1.00270986949066399	-0.0111205517370635484	0.00000000000000000	0.00553569420535664908	0.999141690519310344	0.00000000000000000	0.00440000000000000027	4146.90230273882480	1.00251874744385838
67	1.00170886669029868	-0.0121606572924657791	0.00000000000000000	0.00606686385103596178	1.00011816128675357	0.00000000000000000	0.00440000000000000027	4209.73415581063000	1.00256606176078411
68	1.00061997928516977	-0.0128635429351179990	0.00000000000000000	0.00643298621832153784	1.00117922544545901	0.00000000000000000	0.00440000000000000027	4272.56600888241701	1.00265652120197890
69	0.999472959613171952	-0.0132078890104641127	0.00000000000000000	0.00662195725265794267	1.00229734528036141	0.00000000000000000	0.00440000000000000027	4335.39786195421038	1.00278712332983466
70	0.998299108976704708	-0.0131812596794021880	0.00000000000000000	0.00662577726142613531	1.00344309986878533	0.00000000000000000	0.00440000000000000027	4398.22971502604196	1.00295402122593047
71	0.997130537494633540	-0.0127804478525804892	0.00000000000000000	0.00644093572339371305	1.00458580786306162	0.00000000000000000	0.00440000000000000027	4461.06156809787080	1.00314572980513517
72	0.995999430818985454	-0.0120114960253805917	0.00000000000000000	0.00606859571018210191	1.00569422236318085	0.00000000000000000	0.00440000000000000027	4523.89342116966145	1.00336311528423905
73	0.994937335902289499	-0.0108895558105681287	0.00000000000000000	0.00551473021923900002	1.00673728893052949	0.00000000000000000	0.00440000000000000027	4586.72527424151303	1.00359198986518350
74	0.993974480463067689	-0.00943849665632471267	0.00000000000000000	0.00479010931555966767	1.00768495199619745	0.00000000000000000	0.00440000000000000027	4649.55712731333915	1.00382318341305043
75	0.993139139295274420	-0.00769025218135630136	0.00000000000000000	0.00391011581209514680	1.00850898543302114	0.00000000000000000	0.00440000000000000027	4712.38898038513253	1.00403939175322954
76	0.992457060613303299	-0.00568389578213495186	0.00000000000000000	0.00289437320899153415	1.00918381260391321	0.00000000000000000	0.00440000000000000027	4775.22083345688861	1.00422700987988667
77	0.991950966547024748	-0.00346442144931954302	0.00000000000000000	0.00176615739495570613	1.00968726902199202	0.00000000000000000	0.00440000000000000027	4838.05268652867289	1.00437149343856169
78	0.991640143004489771	-0.00108121898005067744	0.00000000000000000	0.000551579884957517381	1.01000124549449599	0.00000000000000000	0.00440000000000000027	4900.88453960047809	1.00444786424165122
79	0.991540135279545098	0.00141369056505482888	0.00000000000000000	-0.000721394290761038712	1.01011212908932535	0.00000000000000000	0.00440000000000000027	4963.71639267228693	1.00443323865950562
80	0.991662565285490238	0.00396771032294382722	0.00000000000000000	-0.00202417010727590045	1.01001092988042696	0.00000000000000000	0.00440000000000000027	5026.54824574411305	1.00430213021243664
81	0.992015078060343058	0.00652963607119114598	0.00000000000000000	-0.00332868968390044335	1.00969294046034319	0.00000000000000000	0.00440000000000000027	5089.38009881588641	1.00401412481014884
82	0.992601400799159928	0.00905111878680768707	0.00000000000000000	-0.00460836208059149134	1.00915673728027966	0.00000000000000000	0.00440000000000000027	5152.21195188767160	1.00355696935156846
83	0.993421433004170740	0.0114863925833583059	0.00000000000000000	-0.00583808628417451479	1.00840236953120321	0.00000000000000000	0.00440000000000000027	5215.04380495946407	1.00289763897813988
84	0.994471150495015888	0.0137880069669995622	0.00000000000000000	-0.00699219894363105159	1.00742892422966435	0.00000000000000000	0.00440000000000000027	5277.87565803126836	1.00204801729396942
85	0.995741874318801234	0.0158956847690367303	0.00000000000000000	-0.00803896568242773273	1.00623276278765483	0.00000000000000000	0.00440000000000000027	5340.70751110308902	1.00111877124529269
86	0.997218221099346769	0.0177178886861897658	0.00000000000000000	-0.00893155047878934141	1.00480977582089026	0.00000000000000000	0.00440000000000000027	5403.53936417489513	1.00032516526630477
87	0.998874210660808393	0.0191157233498175719	0.00000000000000000	-0.00960057377587190258	1.00316587513903865	0.00000000000000000	0.00440000000000000027	5466.37121724668668	0.999887757370294006
88	1.00066821980131837	0.0199109035893930870	0.00000000000000000	-0.00995912860087349965	1.00133426599490227	0.00000000000000000	0.00440000000000000027	5529.20307031849916	0.999998622195710007
89	1.00253952567889337	0.0199301451998471837	0.00000000000000000	-0.00992574984215931037	0.999386701532772204	0.00000000000000000	0.00440000000000000027	5592.03492339030163	1.00061213677074612
90	1.00440973417368395	0.0190611611093021716	0.00000000000000000	-0.00945182231992121140	0.997425969824836556	0.00000000000000000	0.00440000000000000027	5654.86677646207772	1.00149251033576792
91	1.00618954585592779	0.0172808019619348982	0.00000000000000000	-0.00853368911857235908	0.995564736119659677	0.00000000000000000	0.00440000000000000027	5717.69862953389020	1.00240612183699729
92	1.00778788585634493	0.0146473623311058065	0.00000000000000000	-0.00720659116099300629	0.993906576125081931	0.00000000000000000	0.00440000000000000027	5780.53048260567721	1.00318195518001674
93	1.00912014118971904	0.0112773061085753752	0.00000000000000000	-0.00553156118496150699	0.992536760457147338	0.00000000000000000	0.00440000000000000027	5843.36233567744785	1.00377580062122074
94	1.01011418386311069	0.00732382023678616358	0.00000000000000000	-0.00358420314543228882	0.991520315514713424	0.00000000000000000	0.00440000000000000027	5906.19418874922849	1.00417455766047903
95	1.01071433319178183	0.00296187389802691266	0.00000000000000000	-0.00144751828806432875	0.990902960997213755	0.00000000000000000	0.00440000000000000027	5969.02604182100367	1.00441789218746003
96	1.01088377060769563	-0.00162190797122138339	0.00000000000000000	0.000792311175987226932	0.990712507110503404	0.00000000000000000	0.00440000000000000027	6031.85789489277977	1.00451681020200434
97	1.01060577078881630	-0.00623692302482142975	0.00000000000000000	0.00304856347647908038	0.990959986719559649	0.00000000000000000	0.00440000000000000027	6094.68974796463408	1.00451029868310360
98	1.00988392880655464	-0.0106952514632469887	0.00000000000000000	0.00523594616691255409	0.991640500808537051	0.00000000000000000	0.00440000000000000027	6157.52160103645565	1.00442070300080055
99	1.00874147165527894	-0.0148178773803117683	0.00000000000000000	0.00727236314253190078	0.992733928873507754	0.00000000000000000	0.00440000000000000027	6220.35345410825175	1.00427041875421041
100	1.00721972796082948	-0.0184405729570443662	0.00000000000000000	0.00908069836911444724	0.994205659457009783	0.00000000000000000	0.00440000000000000027	6283.18530718006241	1.00408052851117646
