0	1.00000000000000000	0.00000000000000000	0.00000000000000000	-0.00000000000000000	1.00219758530940384	0.00000000000000000	0.00440000000000000027	0.00000000000000000	1.00219758530940428
1	1.00843300898866417	0.00327555915874945189	0.00000000000000000	-0.00161582036233303902	0.995942987921018208	0.00000000000000000	0.00440000000000000027	62.8318530718000474	0.994490543362245405
2	1.00106430363139154	-0.00558143516755522581	0.00000000000000000	0.00278853991313106255	1.00074552579524467	0.00000000000000000	0.00440000000000000027	125.663706143600280	1.00370341062303026
3	0.998489475176975838	0.00390772048916075351	0.00000000000000000	-0.00196141339915304131	1.00255249455105888	0.00000000000000000	0.00440000000000000027	188.495559215400561	1.00677919907274127
4	1.00871608685402081	-0.00142335793629231808	0.00000000000000000	0.000701643586741990122	0.995616479381354558	0.00000000000000000	0.00440000000000000027	251.327412287200673	0.994399554054009260
5	1.00061723749403320	-0.00357855784469207541	0.00000000000000000	0.00179110910551104623	1.00172419365855192	0.00000000000000000	0.00440000000000000027	314.159265358999505	1.00303755376500336
6	1.00687841832433356	0.00437163164892425543	0.00000000000000000	-0.00216294347780945830	0.997152855103940694	0.00000000000000000	0.00440000000000000027	376.991118430798394	0.996040178731541936
7	1.00407848837145330	-0.00604082324648813444	0.00000000000000000	0.00300204968738088628	0.998705826413705200	0.00000000000000000	0.00440000000000000027	439.822971502597227	1.00000105742642886
8	0.996827689476800116	0.00137728455588682496	0.00000000000000000	-0.000693424857940573612	1.00376382220302718	0.00000000000000000	0.00440000000000000027	502.654824574396230	1.00868084322916296
9	1.00764193151858450	0.000567856801597296616	0.00000000000000000	-0.000280412762417083308	0.996241016449451733	0.00000000000000000	0.00440000000000000027	565.486677646196767	0.995849269376519630
10	1.00223775592672504	-0.00629218759355080690	0.00000000000000000	0.00313966770840234813	1.00048891025471121	0.00000000000000000	0.00440000000000000027	628.318530717994577	1.00124702651755237
11	1.00449167573675813	0.00421421244380862023	0.00000000000000000	-0.00209441741380401048	0.998947720578956422	0.00000000000000000	0.00440000000000000027	691.150383789793977	0.998548407057031406
12	1.00685820062392684	-0.00525774416395944234	0.00000000000000000	0.00260042389837590463	0.996904014505625713	0.00000000000000000	0.00440000000000000027	753.982236861594060	0.996454021934194079
13	0.996285675903404333	-0.00158077695896554314	0.00000000000000000	0.000796735316117307482	1.00420723757521313	0.00000000000000000	0.00440000000000000027	816.814089933396986	1.00914381379505991
14	1.00547449940582623	0.00213052444265972481	0.00000000000000000	-0.00105602936441183924	0.997666572494888881	0.00000000000000000	0.00440000000000000027	879.645943005199911	0.998472794666469210
15	1.00427835516389052	-0.00761044415587480878	0.00000000000000000	0.00378289589585903592	0.998946762445433900	0.00000000000000000	0.00440000000000000027	942.477796076997151	0.998978925497548631
16	1.00195493418444070	0.00257789086205419040	0.00000000000000000	-0.00128727017603625597	1.00084427042629165	0.00000000000000000	0.00440000000000000027	1005.30964914879894	1.00124166448886043
17	1.00874040239880891	-0.00351476894368221932	0.00000000000000000	0.00173296720968964171	0.995766110183319730	0.00000000000000000	0.00440000000000000027	1068.14150222059379	0.993871371765607692
18	0.996965208048049778	-0.00459511859475109433	0.00000000000000000	0.00231340659161939546	1.00380136205276305	0.00000000000000000	0.00440000000000000027	1130.97335529239126	1.00804592589755693
19	1.00270820961833618	0.00283482927711202828	0.00000000000000000	-0.00141211965468945834	0.999591730385777200	0.00000000000000000	0.00440000000000000027	1193.80520836420260	1.00162763367018059
20	1.00604482716559640	-0.00745467792247674933	0.00000000000000000	0.00369317134580481130	0.997612331236289895	0.00000000000000000	0.00440000000000000027	1256.63706143600120	0.997014065357030743
21	1.00000379386722660	-0.000335909435342630338	0.00000000000000000	0.000168354040179635126	1.00229324653000651	0.00000000000000000	0.00440000000000000027	1319.46891450780868	1.00328985819294725
22	1.00924977436767493	-0.00133311820159459247	0.00000000000000000	0.000656873991419570664	0.995583440743567416	0.00000000000000000	0.00440000000000000027	1382.30076757961319	0.992863068728833009
23	0.998857984255332121	-0.00714210285872855875	0.00000000000000000	0.00358388898086985704	1.00255764643595713	0.00000000000000000	0.00440000000000000027	1445.13262065141544	1.00547168901274597
24	0.999926446297167981	0.00245063749239146297	0.00000000000000000	-0.00122701547009451120	1.00162266240837727	0.00000000000000000	0.00440000000000000027	1507.96447372321427	1.00463721810803053
25	1.00696892883764222	-0.00611554072107234076	0.00000000000000000	0.00302433991326938201	0.996882858671559235	0.00000000000000000	0.00440000000000000027	1570.79632679500105	0.995990704896775547
26	0.999166574804473129	-0.00386377883932934908	0.00000000000000000	0.00193935532399826813	1.00288907417769169	0.00000000000000000	0.00440000000000000027	1633.62817986679875	1.00411788404289215
27	1.00824731826626968	0.000623635687996579183	0.00000000000000000	-0.000307900683060128590	0.996433316554433457	0.00000000000000000	0.00440000000000000027	1696.46003293860031	0.993624754151002598
28	1.00163674090561017	-0.00862049486121927756	0.00000000000000000	0.00430491320207931644	1.00072727872823930	0.00000000000000000	0.00440000000000000027	1759.29188601040914	1.00181259108347431
29	0.997627032216463983	0.00104029107498742300	0.00000000000000000	-0.000523137075378562674	1.00338151882741933	0.00000000000000000	0.00440000000000000027	1822.12373908220320	1.00697331003387069
30	1.00677590317474985	-0.00409428279917092332	0.00000000000000000	0.00202526573894242813	0.996951489343745445	0.00000000000000000	0.00440000000000000027	1884.95559215400544	0.996214914999826617
31	0.999555108604934017	-0.00710658878048915556	0.00000000000000000	0.00356418325907121008	1.00255333526468826	0.00000000000000000	0.00440000000000000027	1947.78744522580905	1.00359716028295098
32	1.00597538276694376	0.00172178584346229305	0.00000000000000000	-0.000853731740198512661	0.998151983826042977	0.00000000000000000	0.00440000000000000027	2010.61929829760538	0.995902990107980224
33	1.00465926861997890	-0.00869842639632291935	0.00000000000000000	0.00432134537418973810	0.998774511981001534	0.00000000000000000	0.00440000000000000027	2073.45115136941058	0.997825691719277486
34	0.996140202736621849	-0.00117784902765382879	0.00000000000000000	0.000594070243653887359	1.00459743084286868	0.00000000000000000	0.00440000000000000027	2136.28300444120077	1.00824729343419572
35	1.00551778228947897	-0.00192976810729444752	0.00000000000000000	0.000956705572422874261	0.997805140537331270	0.00000000000000000	0.00440000000000000027	2199.11485751300415	0.997570955877127186
36	1.00085078317625853	-0.00928650842295269952	0.00000000000000000	0.00464595584869558972	1.00154918891226430	0.00000000000000000	0.00440000000000000027	2261.94671058479025	1.00204707015713246
37	1.00299849389030471	0.00149576562265319769	0.00000000000000000	-0.000745772806480172155	1.00035511261357146	0.00000000000000000	0.00440000000000000027	2324.77856365658135	0.999013440268433306
38	1.00717257617519174	-0.00742186018860438793	0.00000000000000000	0.00367160844978149138	0.997209572069707395	0.00000000000000000	0.00440000000000000027	2387.61041672838655	0.994398496764763884
39	0.995745378574886875	-0.00395107994450285323	0.00000000000000000	0.00199471339213271731	1.00504930592848951	0.00000000000000000	0.00440000000000000027	2450.44226980018630	1.00814622554049427
40	1.00347470534592409	-0.000115437777906929329	0.00000000000000000	5.74552711765348792e-05	0.999284998972389649	0.00000000000000000	0.00440000000000000027	2513.27412287198467	0.999686203821072428
41	1.00246884864608954	-0.0100062555198153682	0.00000000000000000	0.00499084908395253796	1.00033079159049043	0.00000000000000000	0.00440000000000000027	2576.10597594378623	1.00012928819047953
42	1.00007661305742146	-0.000183665653854050287	0.00000000000000000	9.20823556528451229e-05	1.00249964242733558	0.00000000000000000	0.00440000000000000027	2638.93782901557415	1.00209230489412593
43	1.00852050560636552	-0.00517788989002274450	0.00000000000000000	0.00255605720151379050	0.996456861762334611	0.00000000000000000	0.00440000000000000027	2701.76968208736935	0.992328351496142513
44	0.996656815500923443	-0.00679992304636126144	0.00000000000000000	0.00342813971044468244	1.00457081909021961	0.00000000000000000	0.00440000000000000027	2764.60153515916681	1.00649971242083547
45	1.00104466915649626	0.000938707708935443332	0.00000000000000000	-0.000469253201643602628	1.00112874367291838	0.00000000000000000	0.00440000000000000027	2827.43338823097019	1.00207639837292106
46	1.00380543297732139	-0.00929895746094286206	0.00000000000000000	0.00462653358096477493	0.999336455696220205	0.00000000000000000	0.00440000000000000027	2890.26524130277949	0.998485190508348053
47	0.997934566104852649	-0.00296300393719435952	0.00000000000000000	0.00149119169698156903	1.00404788158158653	0.00000000000000000	0.00440000000000000027	2953.09709437458969	1.00432297135429249
48	1.00833163375426293	-0.00259871702804937918	0.00000000000000000	0.00128360153968049961	0.996746984953361781	0.00000000000000000	0.00440000000000000027	3015.92894744639852	0.992094536508597136
49	0.998785335299026800	-0.00900019915091613415	0.00000000000000000	0.00452102640928176130	1.00322500147303484	0.00000000000000000	0.00440000000000000027	3078.76080051820009	1.00348268767225623
50	0.998628475087080636	0.00102112584172986019	0.00000000000000000	-0.000512838385420862162	1.00303135803487153	0.00000000000000000	0.00440000000000000027	3141.59265358998073	1.00434594319881665
51	1.00445775820413696	-0.00749167383924774152	0.00000000000000000	0.00372283335288318452	0.998851138454340148	0.00000000000000000	0.00440000000000000027	3204.42450666178820	0.997590636111556073
52	0.997003801040381998	-0.00608700789261387362	0.00000000000000000	0.00306842464798854318	1.00467870719335917	0.00000000000000000	0.00440000000000000027	3267.25635973358339	1.00523253995581063
53	1.00661254186267302	-0.000379208279934211464	0.00000000000000000	0.000187929046817544507	0.998068898828996409	0.00000000000000000	0.00440000000000000027	3330.08821280536904	0.993706337860154609
54	1.00164934764062719	-0.00993594020749951137	0.00000000000000000	0.00496653647965980636	1.00136803846753009	0.00000000000000000	0.00440000000000000027	3392.92006587716833	0.999620777524636739
55	0.996575005083840559	8.36136975620547368e-05	0.00000000000000000	-4.21523861221647853e-05	1.00470895871507060	0.00000000000000000	0.00440000000000000027	3455.75191894896170	1.00613922334791650
56	1.00429121850910219	-0.00502527666121724715	0.00000000000000000	0.00249803253396412191	0.998985528891806140	0.00000000000000000	0.00440000000000000027	3518.58377202077008	0.997565027169712515
57	0.997294637769573833	-0.00868393079823580501	0.00000000000000000	0.00437473421627351637	1.00440211408241531	0.00000000000000000	0.00440000000000000027	3581.41562509257119	1.00479144941228538
58	1.00373492696104050	0.000858478705630766684	0.00000000000000000	-0.000427672450778345675	1.00017651342932745	0.00000000000000000	0.00440000000000000027	3644.24747816438503	0.996719377737755208
59	1.00451685395781465	-0.00934726997749161376	0.00000000000000000	0.00464938634821684439	0.999521213502383987	0.00000000000000000	0.00440000000000000027	3707.07933123619614	0.995792804081063410
60	0.995271287426837348	-0.00182638269306580796	0.00000000000000000	0.000923503699029830654	1.00586153006351142	0.00000000000000000	0.00440000000000000027	3769.91118430800498	1.00700108267259569
61	1.00335480680828448	-0.00237978376452106441	0.00000000000000000	0.00118513086631582263	0.999730555273286692	0.00000000000000000	0.00440000000000000027	3832.74303737981199	0.998300703685879087
62	0.998442891001768640	-0.0100955555968751075	0.00000000000000000	0.00507474674500495767	1.00351609267898634	0.00000000000000000	0.00440000000000000027	3895.57489045160082	1.00336588415858285
63	1.00036836258137507	0.000712737347168429167	0.00000000000000000	-0.000357267353013071554	1.00261135335643292	0.00000000000000000	0.00440000000000000027	3958.40674352339738	1.00034340428170654
64	1.00661771240925368	-0.00739081667534459939	0.00000000000000000	0.00366326768587024471	0.998209878384462290	0.00000000000000000	0.00440000000000000027	4021.23859659518621	0.992896928350187058
65	0.995123503542481691	-0.00439264658838896434	0.00000000000000000	0.00222240511682272879	1.00617728624208014	0.00000000000000000	0.00440000000000000027	4084.07044966698004	1.00653712074899637
66	1.00180122047677833	-5.80708750503157543e-05	0.00000000000000000	2.90123906291983938e-05	1.00098631915268910	0.00000000000000000	0.00440000000000000027	4146.90230273876477	0.999617585686662036
67	0.999914147883485871	-0.0100865594501213934	0.00000000000000000	0.00505635995182507434	1.00242367340609673	0.00000000000000000	0.00440000000000000027	4209.73415581059453	1.00153760081896515
68	0.997307998098866277	-0.000801102484035779057	0.00000000000000000	0.000403820800891453030	1.00480666395945306	0.00000000000000000	0.00440000000000000027	4272.56600888239609	1.00365591021653500
69	1.00737210177127556	-0.00457881402496312581	0.00000000000000000	0.00226687561036964394	0.997812663540919131	0.00000000000000000	0.00440000000000000027	4335.39786195420402	0.991635016377641842
70	0.996316789185980434	-0.00692411844262671126	0.00000000000000000	0.00349649398883301009	1.00550266779591113	0.00000000000000000	0.00440000000000000027	4398.22971502601195	1.00459669048252231
71	0.999840192163996999	0.00152710849925643231	0.00000000000000000	-0.000765757178981873315	1.00258181963446757	0.00000000000000000	0.00440000000000000027	4461.06156809781169	1.00134184827328587
72	1.00125855479323200	-0.00877338545425223465	0.00000000000000000	0.00438726156608813551	1.00145127085765129	0.00000000000000000	0.00440000000000000027	4523.89342116960051	0.999821390795519904
73	0.995219148745815962	-0.00320607455839277012	0.00000000000000000	0.00162219752020497602	1.00627539678762856	0.00000000000000000	0.00440000000000000027	4586.72527424138570	1.00591952813394259
74	1.00654127424638307	-0.00159110101738217354	0.00000000000000000	0.000789003050212992111	0.998477425648751415	0.00000000000000000	0.00440000000000000027	4649.55712731315271	0.992310185240910525
75	0.998635469029992118	-0.00862048823676493485	0.00000000000000000	0.00433574709036429161	1.00399358191212285	0.00000000000000000	0.00440000000000000027	4712.38898038496518	1.00145640857954210
76	0.997733782159230143	0.00207764537548892243	0.00000000000000000	-0.00104615395954256105	1.00430063682641757	0.00000000000000000	0.00440000000000000027	4775.22083345679312	1.00320920554465198
77	1.00220597516281673	-0.00643339902748964101	0.00000000000000000	0.00321174327179419520	1.00080657564025644	0.00000000000000000	0.00440000000000000027	4838.05268652854829	0.998517654108098451
78	0.994436258059561151	-0.00572047230104530922	0.00000000000000000	0.00289828009247288052	1.00677575685347342	0.00000000000000000	0.00440000000000000027	4900.88453960036259	1.00675452377966401
79	1.00426210398622051	0.000876031452215696518	0.00000000000000000	-0.000436208351516071888	1.00011336848178378	0.00000000000000000	0.00440000000000000027	4963.71639267215323	0.994763300475140055
80	1.00149640432354214	-0.00890637350449328957	0.00000000000000000	0.00445716595258405669	1.00208132851446363	0.00000000000000000	0.00440000000000000027	5026.54824574394843	0.997764166906658478
81	0.995882429976380434	0.00140294203688461549	0.00000000000000000	-0.000709037094116676727	1.00584101749951649	0.00000000000000000	0.00440000000000000027	5089.38009881572816	1.00477629904417243
82	1.00258696469414876	-0.00345032794366669209	0.00000000000000000	0.00172155436346225869	1.00062766658047830	0.00000000000000000	0.00440000000000000027	5152.21195188750971	0.997772824385886881
83	0.994885333357404589	-0.00755557755214428424	0.00000000000000000	0.00382447718017920333	1.00638173646235751	0.00000000000000000	0.00440000000000000027	5215.04380495932128	1.00620392802951208
84	1.00102956137452503	0.00223472775097327157	0.00000000000000000	-0.00111928492253659888	1.00239411616594709	0.00000000000000000	0.00440000000000000027	5277.87565803112102	0.998366520172123018
85	1.00411906079378843	-0.00762781680296166498	0.00000000000000000	0.00379983329779911769	1.00032574547731357	0.00000000000000000	0.00440000000000000027	5340.70751110292349	0.994440667553625701
86	0.994810803347835226	-0.000415819278181994798	0.00000000000000000	0.000210624670352922878	1.00681277968328353	0.00000000000000000	0.00440000000000000027	5403.53936417473778	1.00548972006873960
87	1.00228637897179507	-0.000328776093538408164	0.00000000000000000	0.000164167743734154777	1.00099096606624083	0.00000000000000000	0.00440000000000000027	5466.37121724655208	0.997724274942157652
88	0.996196344020777058	-0.00825136299344599207	0.00000000000000000	0.00416632806835964126	1.00538162438350653	0.00000000000000000	0.00440000000000000027	5529.20307031833909	1.00463790026299704
89	0.997588250288694356	0.00220373262081579105	0.00000000000000000	-0.00111062024402006077	1.00481196508900283	0.00000000000000000	0.00440000000000000027	5592.03492339013701	1.00228598246168565
90	1.00577566173283617	-0.00508142339214937705	0.00000000000000000	0.00252404621214460077	0.999225976815441896	0.00000000000000000	0.00440000000000000027	5654.86677646193129	0.992307318779621084
91	0.994951330340402840	-0.00286445322397288048	0.00000000000000000	0.00145092385125066697	1.00687541660227553	0.00000000000000000	0.00440000000000000027	5717.69862953372194	1.00490124460499164
92	1.00126891796553741	0.00241270150197473842	0.00000000000000000	-0.00120730008732305993	1.00189123690649162	0.00000000000000000	0.00440000000000000027	5780.53048260550713	0.998470338570042193
93	0.997961623368253115	-0.00771206366255337492	0.00000000000000000	0.00388130822828413984	1.00407970133009261	0.00000000000000000	0.00440000000000000027	5843.36233567730869	1.00253832100566620
94	0.994714616850461475	0.000926738226367210868	0.00000000000000000	-0.000469471937959460052	1.00681853463104054	0.00000000000000000	0.00440000000000000027	5906.19418874912026	1.00558781805702369
95	1.00600235416090222	-0.00185075891489987210	0.00000000000000000	0.000918951480521149012	0.999083882720865235	0.00000000000000000	0.00440000000000000027	5969.02604182088635	0.991950266476194109
96	0.996406221053141028	-0.00511830868577313643	0.00000000000000000	0.00258609394438750247	1.00593654880109717	0.00000000000000000	0.00440000000000000027	6031.85789489267609	1.00293146357227458
97	0.999628258509356327	0.00429670350378815250	0.00000000000000000	-0.00215702273892157299	1.00323471333233560	0.00000000000000000	0.00440000000000000027	6094.68974796448856	0.999948408312764103
98	0.999851293796559570	-0.00600263610690350904	0.00000000000000000	0.00301064149741318366	1.00273317832941955	0.00000000000000000	0.00440000000000000027	6157.52160103629012	1.00027541303789436
99	0.992993120704278920	-0.00105971598172546213	0.00000000000000000	0.000538449625674386739	1.00798679645463474	0.00000000000000000	0.00440000000000000027	6220.35345410807167	1.00764134469582767
100	1.00468947195888680	0.00136944673745033286	0.00000000000000000	-0.000681553605968816464	0.999967657217315731	0.00000000000000000	0.00440000000000000027	6283.18530717987505	0.993492680667413808
