0.299999999999999989
0.303166477251447852
0.306366376430175558
0.309600050302091145
0.312867855356520175
0.316170151845505898
0.319507303823524547
0.322879679187620061
0.326287649717961370
0.329731591118829104
0.333211883060034075
0.336728909218773187
0.340283057321926874
0.343874719188803635
0.347504290774334923
0.351172172212726452
0.354878767861570299
0.358624486346421967
0.362409740605849073
0.366234947936954269
0.370100530041379494
0.374006913071795621
0.377954527678882657
0.381943809058805706
0.385975197001192594
0.390049135937617253
0.394166074990595139
0.398326468023095903
0.402530773688578314
0.406779455481553642
0.411072981788682679
0.415411825940411761
0.419796466263154255
0.424227386132022599
0.428705074024116783
0.433230023572375611
0.437802733619996109
0.442423708275427541
0.447093456967945446
0.451812494503812723
0.456581341123033613
0.461400522556705772
0.466270570084979075
0.471192020595624872
0.476165416643224260
0.481191306508980898
0.486270244261164830
0.491402789816194729
0.496589509000364804
0.501830973612222619
0.507127761485606121
0.512480456553345620
0.517889648911638356
0.523355934885101792
0.528879917092514917
0.534462204513251882
0.540103412554418294
0.545804163118694730
0.551565084672897776
0.557386812317263280
0.563269987855462229
0.569215259865354484
0.575223283770489924
0.581294721912364643
0.587430243623438764
0.593630525300925860
0.599896250481360638
0.606228109915954327
0.612626801646744767
0.619093031083550516
0.625627511081737087
0.632230962020804754
0.638904111883804360
0.645647696337593002
0.652462458813935497
0.659349150591462485
0.666308530878493732
0.673341366896735072
0.680448433965859523
0.687630515588980362
0.694888403539026700
0.702222897946030988
0.709634807385337463
0.717124948966741615
0.724694148424571361
0.732343240208717439
0.740073067576625943
0.747884482686261509
0.755778346690051284
0.763755529829820978
0.771816911532733241
0.779963380508237214
0.788195834846043053
0.796515182115129616
0.804922339463797654
0.813418233720778816
0.822003801497411479
0.830679989290895593
0.839447753588637657
0.848308060973695932
0.857261888231339531
0.866310222456732282
0.875454061163752129
0.884694412394961160
0.894032294832733498
0.903468737911558906
0.913004781931529896
0.922641478173027774
0.932379889012618257
0.942221088040171573
0.952166160177217225
0.962216201796549431
0.972372320843093996
0.982635636956051384
0.993007281592329205
1.003488398151276773
1.014080142100736381
1.024783681104426636
1.035600195150667258
1.046530876682465916
1.057576930728975517
1.068739575038340162
1.080020040211943533
1.091419569840073267
1.102939420639018619
1.114580862589613863
1.126345179077244518
1.138233667033331731
1.150247637078309015
1.162388413666109566
1.174657335230177457
1.187055754331019841
1.199585037805318333
1.212246566916610924
1.225041737507568396
1.237971960153874784
1.251038660319733431
1.264243278515014612
1.277587270454060286
1.291072107216167497
1.304699275407763981
1.318470277326294848
1.332386631125841214
1.346449870984485431
1.360661547273442906
1.375023226727980497
1.389536492620136121
1.404202944933264030
1.419024200538421709
1.434001893372618408
1.449137674618943716
1.464433212888600400
1.479890194404855475
1.495510323188934843
1.511295321247879020
1.527246928764382172
1.543366904288635988
1.559657024932194380
1.576119086563890104
1.592754904007814831
1.609566311243390890
1.626555161607554645
1.643723327999073058
1.661072703085017421
1.678605199509416668
1.696322750104112487
1.714227308101839542
1.732320847351557003
1.750605362536049148
1.769082869391826351
1.787755404931344216
1.806625027667571493
1.825693817840924105
1.844963877648598816
1.864437331476323401
1.884116326132556862
1.904003031085157893
1.924099638700554227
1.944408364485435747
1.964931447330996228
1.985671149759757004
2.006629758174992340
2.027809583112790914
2.049212959496773401
2.070842246895502559
2.092699829782608933
2.114788117799660583
2.137109546021810136
2.159666575226244056
2.182461692163465194
2.205497409831438826
2.228776267752634599
2.252300832253986140
2.276073696749817188
2.300097482027741780
2.324374836537586031
2.348908436683367462
2.373700987118339878
2.398755221043172625
2.424073900507255797
2.449659816713205984
2.475515790324566812
2.501644671776776629
2.528049341591399823
2.554732710693689235
2.581697720733494350
2.608947344409552116
2.636484585797213676
2.664312480679612793
2.692434096882349248
2.720852534611684082
2.749570926796325754
2.778592439432802319
2.807920271934500001
2.837557657484365947
2.867507863391351997
2.897774191450608328
2.928359978307478517
2.959268595825349735
2.990503451457366069
3.022067988622087586
3.053965687083089353
3.086200063332593668
3.118774670979125307
3.151693101139283915
3.184958982833625996
3.218575983386749773
3.252547808831586007
3.286878204317958740
3.321570954525468355
3.356629884080717829
3.392058857978958120
3.427861782010166447
3.464042603189643188
3.500605310193130482
3.537553933796544037
3.574892547320334124
3.612625267078535263
3.650756252832569437
3.689289708249820610
3.728229881367068010
3.767581065058790646
3.807347597510440274
3.847533862696677964
3.888144290864694153
3.929183359022593525
3.970655591432968201
4.012565560111658769
4.054917885331780880
4.097717236133090246
4.140968330836694022
4.184675937565230264
4.228844874768501683
4.273480011754690722
4.318586269227151497
4.364168619826895856
4.410232088680777096
4.456781753955487702
4.503822747417382644
4.551360254998217059
4.599399517366871137
4.647945830507079101
4.697004546301290162
4.746581073120657024
4.796680876421290485
4.847309479346766814
4.898472463337032679
4.950175468743700513
5.002424195451873778
5.055224403508510989
5.108581913757423543
5.162502608480995292
5.216992432048646045
5.272057391572173124
5.327703557567975423
5.383937064626300284
5.440764112087520310
5.498190964725586660
5.556223953438651719
5.614869475947029009
5.674133997498481463
5.734024051580967729
5.794546240642922896
5.855707236821118045
5.917513782676229184
5.979972691936139562
6.043090850247126333
6.106875215932926260
6.171332820761866955
6.236470770722056578
6.302296246804758972
6.368816505796069727
6.436038881076898477
6.503970783431447522
6.572619701864171660
6.641993204425410191
6.712098939045691104
6.782944634378877957
6.854538100654181676
6.926887230537194462
6.999999999999999112
