0	1.00000000000000000	0.00000000000000000	0.00000000000000000	-0.00000000000000000	1.00219758530940384	0.00000000000000000	0.00440000000000000027	0.00000000000000000	1.00219758530940428
1	1.00001665459370170	0.000194985200756120228	0.00000000000000000	-9.77050764014988568e-05	1.00218446150963225	0.00000000000000000	0.00440000000000000027	62.8318530717998982	1.00260396692318987
2	1.00006614578249686	0.000381908471665478623	0.00000000000000000	-0.000191328927395198987	1.00214548541535620	0.00000000000000000	0.00440000000000000027	125.663706143599725	1.00255708510767350
3	1.00014706818386867	0.000553098841697919718	0.00000000000000000	-0.000277072751545947064	1.00208183156275066	0.00000000000000000	0.00440000000000000027	188.495559215399823	1.00247849379405762
4	1.00025712077734297	0.000701121337541398340	0.00000000000000000	-0.000351158404102113169	1.00199542025991217	0.00000000000000000	0.00440000000000000027	251.327412287200843	1.00237245904469985
5	1.00039316707179116	0.000819277233200872874	0.00000000000000000	-0.000410228879995210710	1.00188886320146264	0.00000000000000000	0.00440000000000000027	314.159265359001893	1.00223950090359892
6	1.00055131653929763	0.000901721464818957489	0.00000000000000000	-0.000451373311117801799	1.00176539045757829	0.00000000000000000	0.00440000000000000027	376.991118430802032	1.00208375742908107
7	1.00072702461529328	0.000943591239173982837	0.00000000000000000	-0.000472173664365921862	1.00162876156149516	0.00000000000000000	0.00440000000000000027	439.822971502602343	1.00190954336011639
8	1.00091520815568358	0.000941161832790894659	0.00000000000000000	-0.000470791030448747608	1.00148316379936553	0.00000000000000000	0.00440000000000000027	502.654824574403108	1.00171991197955634
9	1.00111037316110019	0.000891940852360564862	0.00000000000000000	-0.000446004190518579056	1.00133310103990292	0.00000000000000000	0.00440000000000000027	565.486677646205862	1.00152013322441746
10	1.00130675141636383	0.000794766550278993081	0.00000000000000000	-0.000397267323110272672	1.00118327635637749	0.00000000000000000	0.00440000000000000027	628.318530718007423	1.00131224294755339
11	1.00149844290979195	0.000649820588115812732	0.00000000000000000	-0.000324698081766090427	1.00103847158885162	0.00000000000000000	0.00440000000000000027	691.150383789802618	1.00110392337959286
12	1.00167956087367482	0.000458664458949227700	0.00000000000000000	-0.000229105879136637033	1.00090342663543397	0.00000000000000000	0.00440000000000000027	753.982236861602246	1.00090037776614960
13	1.00184437664896375	0.000224191920728862831	0.00000000000000000	-0.000111953023619092498	1.00078272104747468	0.00000000000000000	0.00440000000000000027	816.814089933404603	1.00070491728861022
14	1.00198746157739227	-4.94173705458758345e-05	0.00000000000000000	2.46660785846334945e-05	1.00068066012508350	0.00000000000000000	0.00440000000000000027	879.645943005206050	1.00052314897404271
15	1.00210382333699455	-0.000356811785772589637	0.00000000000000000	0.000178096649283112501	1.00060116749823980	0.00000000000000000	0.00440000000000000027	942.477796077003973	1.00036216634964759
16	1.00218903420522554	-0.000691496403389493461	0.00000000000000000	0.000345094203201076408	1.00054768597309240	0.00000000000000000	0.00440000000000000027	1005.30964914880178	1.00022172304962131
17	1.00223934854941432	-0.00104621731668059961	0.00000000000000000	0.000522135354560770461	1.00052308816563396	0.00000000000000000	0.00440000000000000027	1068.14150222059857	1.00010728741629618
18	1.00225180781930412	-0.00141258227115909941	0.00000000000000000	0.000704952668042362757	1.00052959880969783	0.00000000000000000	0.00440000000000000027	1130.97335529239490	1.00002284997157864
19	1.00222432894937818	-0.00178196716197923707	0.00000000000000000	0.000889341542071677565	1.00056872933178087	0.00000000000000000	0.00440000000000000027	1193.80520836419464	0.999969830498096401
20	1.00215577574455206	-0.00214530486747694076	0.00000000000000000	0.00107084192041674488	1.00064122697064928	0.00000000000000000	0.00440000000000000027	1256.63706143599757	0.999950209143773083
21	1.00204601015846828	-0.00249327960194884162	0.00000000000000000	0.00124481810269853107	1.00074703919061081	0.00000000000000000	0.00440000000000000027	1319.46891450780640	0.999965039429084435
22	1.00189592111132919	-0.00281674030443594334	0.00000000000000000	0.00140675345340441336	1.00088529421507455	0.00000000000000000	0.00440000000000000027	1382.30076757960114	1.00001496317432248
23	1.00170743058339751	-0.00310677684734394621	0.00000000000000000	0.00155220776521391469	1.00105429919428457	0.00000000000000000	0.00440000000000000027	1445.13262065140179	1.00009706036999524
24	1.00148347472233712	-0.00335503493280706489	0.00000000000000000	0.00167701542575939217	1.00125155608469862	0.00000000000000000	0.00440000000000000027	1507.96447372318880	1.00021293938742550
25	1.00122796034338979	-0.00355387568643791623	0.00000000000000000	0.00177733395359726959	1.00147379615880405	0.00000000000000000	0.00440000000000000027	1570.79632679499991	1.00035911048179038
26	1.00094569617741547	-0.00369661771990521890	0.00000000000000000	0.00184978325917186043	1.00171703303653281	0.00000000000000000	0.00440000000000000027	1633.62817986680511	1.00053068377411059
27	1.00064229983679254	-0.00377771583604835388	0.00000000000000000	0.00189153247643899353	1.00197663440295748	0.00000000000000000	0.00440000000000000027	1696.46003293860963	1.00072316074813483
28	1.00032408154813890	-0.00379289790662432329	0.00000000000000000	0.00190035800027655395	1.00224741206598922	0.00000000000000000	0.00440000000000000027	1759.29188601040755	1.00093268856184170
29	0.999997905923272090	-0.00373934947548597643	0.00000000000000000	0.00187476431594191619	1.00252372949862556	0.00000000000000000	0.00440000000000000027	1822.12373908220161	1.00115605462770363
30	0.999671034534521885	-0.00361578658564428584	0.00000000000000000	0.00181400953387572629	1.00279962606925555	0.00000000000000000	0.00440000000000000027	1884.95559215399680	1.00138377116201038
31	0.999350951553459876	-0.00342255168120804854	0.00000000000000000	0.00171817199062445497	1.00306895606733959	0.00000000000000000	0.00440000000000000027	1947.78744522579768	1.00161332630650546
32	0.999045176179069183	-0.00316165159881284970	0.00000000000000000	0.00158817793770219939	1.00332554036664878	0.00000000000000000	0.00440000000000000027	2010.61929829759174	1.00183412283765860
33	0.998761066040616208	-0.00283671866293984127	0.00000000000000000	0.00142577204140345581	1.00356332762427014	0.00000000000000000	0.00440000000000000027	2073.45115136940785	1.00204717187747083
34	0.998505616162215892	-0.00245299704609428133	0.00000000000000000	0.00123353388169608526	1.00377656081057332	0.00000000000000000	0.00440000000000000027	2136.28300444122260	1.00223720533656513
35	0.998285259493643773	-0.00201730184202304329	0.00000000000000000	0.00101488808116358175	1.00395994423981549	0.00000000000000000	0.00440000000000000027	2199.11485751302325	1.00240750330334194
36	0.998105675843774964	-0.00153776189122151489	0.00000000000000000	0.000773917716605901839	1.00410880546860937	0.00000000000000000	0.00440000000000000027	2261.94671058482072	1.00254909729215158
37	0.997971615205659024	-0.00102373787455942861	0.00000000000000000	0.000515373704900368938	1.00421924509194782	0.00000000000000000	0.00440000000000000027	2324.77856365660955	1.00265603099156020
38	0.997886743590329917	-0.000485518397420437212	0.00000000000000000	0.000244479132358364206	1.00428826813608452	0.00000000000000000	0.00440000000000000027	2387.61041672840838	1.00272778092059256
39	0.997853517699108572	6.58530402796026187e-05	0.00000000000000000	-3.31190722058519399e-05	1.00431389013437244	0.00000000000000000	0.00440000000000000027	2450.44226980021040	1.00276096077841781
40	0.997873095072935645	0.000618953827060261634	0.00000000000000000	-0.000311590179645723254	1.00429521223068186	0.00000000000000000	0.00440000000000000027	2513.27412287202696	1.00275493007019567
41	0.997945284381274944	0.00116224322818185913	0.00000000000000000	-0.000585036067782084349	1.00423246057857263	0.00000000000000000	0.00440000000000000027	2576.10597594380852	1.00270963654225365
42	0.998068539265523968	0.00168439388771839376	0.00000000000000000	-0.000847675270982166384	1.00412698733166894	0.00000000000000000	0.00440000000000000027	2638.93782901559962	1.00262595765344575
43	0.998239996843133137	0.00217459707330062632	0.00000000000000000	-0.00109400245739645595	1.00398123252554572	0.00000000000000000	0.00440000000000000027	2701.76968208740527	1.00250646392232290
44	0.998455559753129274	0.00262286693763214267	0.00000000000000000	-0.00131895396562070307	1.00379864841299526	0.00000000000000000	0.00440000000000000027	2764.60153515921456	1.00235325731610425
45	0.998710018499197938	0.00302029439470874201	0.00000000000000000	-0.00151803459862601608	1.00358358999038044	0.00000000000000000	0.00440000000000000027	2827.43338823102249	1.00217168345422558
46	0.998997208734252351	0.00335928510853885330	0.00000000000000000	-0.00168744464870899079	1.00334117717112004	0.00000000000000000	0.00440000000000000027	2890.26524130283724	1.00196990682623266
47	0.999310196796123207	0.00363372939473996515	0.00000000000000000	-0.00182415807344729446	1.00307713543370536	0.00000000000000000	0.00440000000000000027	2953.09709437463380	1.00174961274493213
48	0.999641485603650293	0.00383913910701659707	0.00000000000000000	-0.00192598947046679521	1.00279762232757275	0.00000000000000000	0.00440000000000000027	3015.92894744643445	1.00151631353110826
49	0.999983232689450552	0.00397274880287088166	0.00000000000000000	-0.00199164839987046871	1.00250904730179036	0.00000000000000000	0.00440000000000000027	3078.76080051822237	1.00127918248208903
50	1.00032747260638910	0.00403350570577350707	0.00000000000000000	-0.00202070570417672672	1.00221789199451172	0.00000000000000000	0.00440000000000000027	3141.59265359000710	1.00104509578879353
51	1.00066633571648445	0.00402207869769796202	0.00000000000000000	-0.00201360200727337870	1.00193053681958677	0.00000000000000000	0.00440000000000000027	3204.42450666180321	1.00081518830207683
52	1.00099225707341311	0.00394079681102745515	0.00000000000000000	-0.00197160738658303620	1.00165309896814869	0.00000000000000000	0.00440000000000000027	3267.25635973360249	1.00060329299695439
53	1.00129816972958530	0.00379353788799580713	0.00000000000000000	-0.00189675144168891712	1.00139128554914647	0.00000000000000000	0.00440000000000000027	3330.08821280539314	1.00041356812370230
54	1.00157767777110474	0.00358560591912122743	0.00000000000000000	-0.00179176046681359634	1.00115026442138322	0.00000000000000000	0.00440000000000000027	3392.92006587719834	1.00024924643081747
55	1.00182520565971256	0.00332356509564002596	0.00000000000000000	-0.00165996773004864050	1.00093455446826951	0.00000000000000000	0.00440000000000000027	3455.75191894898899	1.00011183317439234
56	1.00203612112586593	0.00301505229315057570	0.00000000000000000	-0.00150521653695461248	1.00074793622851166	0.00000000000000000	0.00440000000000000027	3518.58377202079555	1.00000826734173032
57	1.00220682969985009	0.00266857236022816167	0.00000000000000000	-0.00133175828050172314	1.00059338332493386	0.00000000000000000	0.00440000000000000027	3581.41562509259029	0.999940741260587851
58	1.00233483966058468	0.00229327939945646840	0.00000000000000000	-0.00114414636308282419	1.00047301480706685	0.00000000000000000	0.00440000000000000027	3644.24747816439094	0.999909684836228441
59	1.00241879683828716	0.00189873892689530754	0.00000000000000000	-0.000947118402535296160	1.00038806832070915	0.00000000000000000	0.00440000000000000027	3707.07933123619659	0.999915834106466450
60	1.00245848927756698	0.00149469784156755145	0.00000000000000000	-0.000745490873407477113	1.00033889381654850	0.00000000000000000	0.00440000000000000027	3769.91118430799634	0.999958066446138161
61	1.00245482255890273	0.00109084517012607903	0.00000000000000000	-0.000544046178622603974	1.00032496739973920	0.00000000000000000	0.00440000000000000027	3832.74303737979153	1.00003524323136439
62	1.00240976720499164	0.000696563326832774256	0.00000000000000000	-0.000347408680145606073	1.00034492466374303	0.00000000000000000	0.00440000000000000027	3895.57489045159673	1.00014375261346933
63	1.00232628027883619	0.000320724586923300204	0.00000000000000000	-0.000159960912294510342	1.00039661255139500	0.00000000000000000	0.00440000000000000027	3958.40674352340284	1.00028378608190049
64	1.00220820410076583	-2.85546725720701652e-05	0.00000000000000000	1.42906331850236462e-05	1.00047715852026831	0.00000000000000000	0.00440000000000000027	4021.23859659519121	1.00044483754442126
65	1.00206014540513055	-0.000344071904969093091	0.00000000000000000	0.000171773523090875692	1.00058305533001413	0.00000000000000000	0.00440000000000000027	4084.07044966699777	1.00063118207253465
66	1.00188733886756598	-0.000619736445727687903	0.00000000000000000	0.000309461704590049957	1.00071025949209713	0.00000000000000000	0.00440000000000000027	4146.90230273882753	1.00082899895091271
67	1.00169549907246802	-0.000850688138160008334	0.00000000000000000	0.000424925108938514935	1.00085430105441620	0.00000000000000000	0.00440000000000000027	4209.73415581062636	1.00103941241121053
68	1.00149066512122831	-0.00103339427913220995	0.00000000000000000	0.000516375833959316875	1.00101040217133663	0.00000000000000000	0.00440000000000000027	4272.56600888242428	1.00125240036866914
69	1.00127904185222261	-0.00116576405180337421	0.00000000000000000	0.000582751091003669720	1.00117360168598846	0.00000000000000000	0.00440000000000000027	4335.39786195423585	1.00146659748558298
70	1.00106684162103154	-0.00124711929704644916	0.00000000000000000	0.000623672201252419272	1.00133888297485862	0.00000000000000000	0.00440000000000000027	4398.22971502607106	1.00167530432898255
71	1.00086012989450612	-0.00127822413095939101	0.00000000000000000	0.000639481719259223699	1.00150130209852550	0.00000000000000000	0.00440000000000000027	4461.06156809784716	1.00187249881959617
72	1.00066467780761981	-0.00126126750106284394	0.00000000000000000	0.000631252115625064759	1.00165611344610306	0.00000000000000000	0.00440000000000000027	4523.89342116964963	1.00205510594517100
73	1.00048582458415458	-0.00119966663672317099	0.00000000000000000	0.000600632539251477054	1.00179889015428025	0.00000000000000000	0.00440000000000000027	4586.72527424145756	1.00221594023250504
74	1.00032835167535539	-0.00109813277789226138	0.00000000000000000	0.000549973891053784510	1.00192563625111086	0.00000000000000000	0.00440000000000000027	4649.55712731328458	1.00235804386006389
75	1.00019637157418506	-0.000962398050959263444	0.00000000000000000	0.000482128779292928002	1.00203288821257619	0.00000000000000000	0.00440000000000000027	4712.38898038507705	1.00246972911317234
76	1.00009323274592843	-0.000799043143918590736	0.00000000000000000	0.000400364335834501976	1.00211780304398457	0.00000000000000000	0.00440000000000000027	4775.22083345686224	1.00255396196498880
77	1.00002144260471049	-0.000615492530069999323	0.00000000000000000	0.000308452891552681691	1.00217823046898391	0.00000000000000000	0.00440000000000000027	4838.05268652863924	1.00260756628873438
78	0.999982610814311279	-0.000419507292996241371	0.00000000000000000	0.000210266866858764209	1.00221276731237996	0.00000000000000000	0.00440000000000000027	4900.88453960043717	1.00262842312789457
79	0.999977413555056760	-0.000219178053583119381	0.00000000000000000	0.000109879886617250655	1.00222079181456492	0.00000000000000000	0.00440000000000000027	4963.71639267224873	1.00261728811478146
80	1.00000558065425071	-2.26310249475795457e-05	0.00000000000000000	1.13830139582914006e-05	1.00220247690411313	0.00000000000000000	0.00440000000000000027	5026.54824574406939	1.00257403623575403
81	1.00006590601255185	0.000162188269223891539	0.00000000000000000	-8.12213816738743908e-05	1.00215878157692417	0.00000000000000000	0.00440000000000000027	5089.38009881583548	1.00250025436173074
82	1.00015628156003133	0.000327751210798944530	0.00000000000000000	-0.000164148698734041358	1.00209142046272359	0.00000000000000000	0.00440000000000000027	5152.21195188764341	1.00239867895667945
83	1.00027375421857734	0.000467145018028274593	0.00000000000000000	-0.000233929535274890726	1.00200281242976463	0.00000000000000000	0.00440000000000000027	5215.04380495944497	1.00226896160792345
84	1.00041460461260456	0.000574256531325010450	0.00000000000000000	-0.000287500318836005769	1.00189600989517458	0.00000000000000000	0.00440000000000000027	5277.87565803122743	1.00211910429973550
85	1.00057444548487795	0.000643957609564663191	0.00000000000000000	-0.000322306318076870900	1.00177461123126577	0.00000000000000000	0.00440000000000000027	5340.70751110302899	1.00194567958479142
86	1.00074833714137723	0.000672211284037442687	0.00000000000000000	-0.000336338134751773370	1.00164265929760554	0.00000000000000000	0.00440000000000000027	5403.53936417481691	1.00175970306163320
87	1.00093091656732036	0.000656226472029080958	0.00000000000000000	-0.000328231317222066332	1.00150452948902879	0.00000000000000000	0.00440000000000000027	5466.37121724663393	1.00156115080687513
88	1.00111653665328881	0.000594463066312882638	0.00000000000000000	-0.000297231881047061493	1.00136481099328911	0.00000000000000000	0.00440000000000000027	5529.20307031841821	1.00135586669828291
89	1.00129941148254575	0.000486740289615402236	0.00000000000000000	-0.000243281581491398141	1.00122818479341436	0.00000000000000000	0.00440000000000000027	5592.03492339022068	1.00115345085284946
90	1.00147376395301335	0.000334199498605644053	0.00000000000000000	-0.000166974163151401532	1.00109930190558516	0.00000000000000000	0.00440000000000000027	5654.86677646197313	1.00095060950823855
91	1.00163397189724668	0.000139283774739651367	0.00000000000000000	-6.95449014704160526e-05	1.00098266484573806	0.00000000000000000	0.00440000000000000027	5717.69862953380471	1.00075597254237092
92	1.00177470930916535	-9.42900955210716502e-05	0.00000000000000000	4.71315488169681690e-05	1.00088251494426683	0.00000000000000000	0.00440000000000000027	5780.53048260564992	1.00057456876017903
93	1.00189107963139645	-0.000361651969970907573	0.00000000000000000	0.000180620435025419593	1.00080272764187495	0.00000000000000000	0.00440000000000000027	5843.36233567744694	1.00041341024367636
94	1.00197873837271678	-0.000656917566105377770	0.00000000000000000	0.000328010849440805725	1.00074671740762811	0.00000000000000000	0.00440000000000000027	5906.19418874922576	1.00027110178541356
95	1.00203400286704469	-0.000973238770719535469	0.00000000000000000	0.000485897924584031624	1.00071735362664405	0.00000000000000000	0.00440000000000000027	5969.02604182099913	1.00015605507742156
96	1.00205394715687768	-0.00130301367483538419	0.00000000000000000	0.000650512983049257240	1.00071688843474971	0.00000000000000000	0.00440000000000000027	6031.85789489277340	1.00006865252622723
97	1.00203648030819181	-0.00163809090917408848	0.00000000000000000	0.000817837885647543228	1.00074689730752442	0.00000000000000000	0.00440000000000000027	6094.68974796455950	1.00001073774352545
98	1.00198040698614066	-0.00196987280758509050	0.00000000000000000	0.000983609996757605362	1.00080823323460533	0.00000000000000000	0.00440000000000000027	6157.52160103631741	0.999984320530052151
99	1.00188546876022211	-0.00228958666958050533	0.00000000000000000	0.00114348862093924253	1.00090099497395268	0.00000000000000000	0.00440000000000000027	6220.35345410811169	0.999991008289519590
100	1.00175236553650926	-0.00258845289986784233	0.00000000000000000	0.00129311423615580817	1.00102451019487870	0.00000000000000000	0.00440000000000000027	6283.18530717993599	1.00002993403356966
