0	1.00000000000000000	0.00000000000000000	0.00000000000000000	-0.00000000000000000	1.00219758530940384	0.00000000000000000	0.00440000000000000027	0.00000000000000000	1.00219758530940428
1	1.00197504171071117	0.000612700343623396107	0.00000000000000000	-0.000305889174017805535	1.00073342273001376	0.00000000000000000	0.00440000000000000027	62.8318530717997916	1.00036043313883249
2	1.00007419787789775	-0.00136564050496586166	0.00000000000000000	0.000684087169187822712	1.00200967565392540	0.00000000000000000	0.00440000000000000027	125.663706143599995	1.00269171872294627
3	0.999965090520063660	0.000825857140304433156	0.00000000000000000	-0.000413768778943870465	1.00206410305927163	0.00000000000000000	0.00440000000000000027	188.495559215398032	1.00285931983965959
4	1.00163680877263683	-0.00120743543439764587	0.00000000000000000	0.000603153140708928386	1.00093323663437461	0.00000000000000000	0.00440000000000000027	251.327412287199223	1.00079884185062440
5	0.999837016998834982	-0.000624706957228752472	0.00000000000000000	0.000313128490534381101	1.00231957512652836	0.00000000000000000	0.00440000000000000027	314.159265358998198	1.00266963486924210
6	1.00204411195345711	5.46592209428650028e-05	0.00000000000000000	-2.72855003838360852e-05	1.00075183553372105	0.00000000000000000	0.00440000000000000027	376.991118430797769	1.00008468962912889
7	1.00017658666531584	-0.00186455809422022938	0.00000000000000000	0.000934043981450008790	1.00202880469592137	0.00000000000000000	0.00440000000000000027	439.822971502597568	1.00231376995807331
8	0.999915813545832255	0.000417998636458794676	0.00000000000000000	-0.000209382923278967313	1.00215695504038416	0.00000000000000000	0.00440000000000000027	502.654824574397708	1.00271160874450649
9	1.00115132006015251	-0.00166212460968302310	0.00000000000000000	0.000831106947561678720	1.00128254918302462	0.00000000000000000	0.00440000000000000027	565.486677646199837	1.00123202567551539
10	0.999402136737195246	-0.00105056325231869720	0.00000000000000000	0.000527104198446710047	1.00264746359081514	0.00000000000000000	0.00440000000000000027	628.318530718002194	1.00300421794860850
11	1.00182586695888465	-0.000300790584303303223	0.00000000000000000	0.000150323728276498952	1.00097949196745439	0.00000000000000000	0.00440000000000000027	691.150383789803527	1.00005899345285587
12	1.00018238909383084	-0.00216357569655514521	0.00000000000000000	0.00108401202201509686	1.00214672030015262	0.00000000000000000	0.00440000000000000027	753.982236861607703	1.00192621526374026
13	0.999918730069641715	0.000258956225897839787	0.00000000000000000	-0.000129706295861759836	1.00227153519064327	0.00000000000000000	0.00440000000000000027	816.814089933408127	1.00232652153044355
14	1.00071832590611787	-0.00183831369989445083	0.00000000000000000	0.000920012534637373001	1.00164837910417392	0.00000000000000000	0.00440000000000000027	879.645943005208551	1.00144976471533842
15	0.998851093338827489	-0.00112742725456854557	0.00000000000000000	0.000566267842582256101	1.00307106109951683	0.00000000000000000	0.00440000000000000027	942.477796077011362	1.00341190453099172
16	1.00138868175347340	-0.000350125221795143625	0.00000000000000000	0.000175130476835485931	1.00134550828515811	0.00000000000000000	0.00440000000000000027	1005.30964914881292	1.00028824061060129
17	1.00005241908403852	-0.00216953160399135491	0.00000000000000000	0.00108744040561306859	1.00234744439439405	0.00000000000000000	0.00440000000000000027	1068.14150222061949	1.00170064812968773
18	0.999934787210258857	0.000382357411488250861	0.00000000000000000	-0.000191577019863245230	1.00239259323138930	0.00000000000000000	0.00440000000000000027	1130.97335529241968	1.00188119096491213
19	1.00050773253539105	-0.00168339825930372781	0.00000000000000000	0.000842941791119179978	1.00189918488003804	0.00000000000000000	0.00440000000000000027	1193.80520836422147	1.00133638029486005
20	0.998396192168173213	-0.000802467561252977104	0.00000000000000000	0.000403436699488334081	1.00343727638239399	0.00000000000000000	0.00440000000000000027	1256.63706143601939	1.00370423641711559
21	1.00087066022152116	-8.49130594290422452e-05	0.00000000000000000	4.25926508692726913e-05	1.00173507629026970	0.00000000000000000	0.00440000000000000027	1319.46891450780890	1.00069394131348033
22	0.999811015330017594	-0.00187918608610330344	0.00000000000000000	0.000942432037352516905	1.00258009656941294	0.00000000000000000	0.00440000000000000027	1382.30076757961251	1.00172471260419105
23	0.999937592763259442	0.000753436649491312201	0.00000000000000000	-0.000377631420902569759	1.00249291412865160	0.00000000000000000	0.00440000000000000027	1445.13262065141521	1.00155573069083648
24	1.00055797974038807	-0.00125577141875078679	0.00000000000000000	0.000628890401727763039	1.00197079495190655	0.00000000000000000	0.00440000000000000027	1507.96447372322768	1.00096204059955718
25	0.998211648316432609	-0.000171707877888778790	0.00000000000000000	8.64450404785116862e-05	1.00361288191643427	0.00000000000000000	0.00440000000000000027	1570.79632679503675	1.00373658830686030
26	1.00046002531576028	0.000409991354956372629	0.00000000000000000	-0.000205217023594371191	1.00201170117960547	0.00000000000000000	0.00440000000000000027	1633.62817986683876	1.00110942600034192
27	0.999527089217389642	-0.00137545957811112591	0.00000000000000000	0.000690187605711365705	1.00277915559204045	0.00000000000000000	0.00440000000000000027	1696.46003293863760	1.00199464559389706
28	0.999919102111831770	0.00127091420045467168	0.00000000000000000	-0.000637091640243735852	1.00254346504085534	0.00000000000000000	0.00440000000000000027	1759.29188601042961	1.00146290576252128
29	1.00079347414367592	-0.000697209155862078302	0.00000000000000000	0.000349123196362646424	1.00187198154451873	0.00000000000000000	0.00440000000000000027	1822.12373908222867	1.00053671178193104
30	0.998357988956084075	0.000536403445287163554	0.00000000000000000	-0.000269534283875309095	1.00354047098255661	0.00000000000000000	0.00440000000000000027	1884.95559215403341	1.00349317645837766
31	1.00034158895819680	0.000977950674672785521	0.00000000000000000	-0.000489697097471998664	1.00205867615805189	0.00000000000000000	0.00440000000000000027	1947.78744522583361	1.00132562652417145
32	0.999292981253950829	-0.000796112253917444224	0.00000000000000000	0.000399679573066418978	1.00288290223113519	0.00000000000000000	0.00440000000000000027	2010.61929829763517	1.00241656449024652
33	0.999886418494737916	0.00178325077051689346	0.00000000000000000	-0.000893971214603819439	1.00252552947506435	0.00000000000000000	0.00440000000000000027	2073.45115136943014	1.00162551353972251
34	1.00110006210337343	-0.000185050100652290293	0.00000000000000000	9.27053133176923214e-05	1.00165678260062152	0.00000000000000000	0.00440000000000000027	2136.28300444124488	1.00024508131666612
35	0.998764171725988303	0.00108683337228766570	0.00000000000000000	-0.000545852921817733573	1.00325761846529704	0.00000000000000000	0.00440000000000000027	2199.11485751304190	1.00309297010447485
36	1.00059640105173764	0.00143165087855946500	0.00000000000000000	-0.000716563648908146540	1.00183809440624660	0.00000000000000000	0.00440000000000000027	2261.94671058485119	1.00120815519087558
37	0.999200524369881715	-0.000304466911323126319	0.00000000000000000	0.000152943107998390615	1.00284960964602066	0.00000000000000000	0.00440000000000000027	2324.77856365666685	1.00283155760676346
38	0.999860939263065629	0.00213640498150734909	0.00000000000000000	-0.00107090843690025141	1.00243579779047143	0.00000000000000000	0.00440000000000000027	2387.61041672847614	1.00198107124527835
39	1.00137100116030964	0.000118084141462543356	0.00000000000000000	-5.89051153099403538e-05	1.00140021846649985	0.00000000000000000	0.00440000000000000027	2450.44226980026406	1.00019447783169757
40	0.999263172375515096	0.00133219449483499555	0.00000000000000000	-0.000668477794253856698	1.00287547351055428	0.00000000000000000	0.00440000000000000027	2513.27412287207926	1.00272108132801585
41	1.00112728563887576	0.00162155991548938207	0.00000000000000000	-0.000810809877642621455	1.00142762937153407	0.00000000000000000	0.00440000000000000027	2576.10597594388173	1.00082138189006953
42	0.999313781112423638	-6.35717488187735949e-05	0.00000000000000000	3.20251256856283334e-05	1.00267012495727026	0.00000000000000000	0.00440000000000000027	2638.93782901568238	1.00305112463591883
43	0.999882114662907107	0.00222353778488598285	0.00000000000000000	-0.00111432003073522017	1.00228340965659535	0.00000000000000000	0.00440000000000000027	2701.76968208747758	1.00238619850862620
44	1.00152183619261081	0.000116166646043899813	0.00000000000000000	-5.79279191452643921e-05	1.00118287110607551	0.00000000000000000	0.00440000000000000027	2764.60153515926959	1.00040058327126191
45	0.999673083641407278	0.00122322937998402617	0.00000000000000000	-0.000613280865718663975	1.00252622552124215	0.00000000000000000	0.00440000000000000027	2827.43338823106751	1.00253161536487778
46	1.00171483417476970	0.00148639320032176777	0.00000000000000000	-0.000742390984269132234	1.00098371714226131	0.00000000000000000	0.00440000000000000027	2890.26524130286725	1.00036526490965794
47	0.999628865828526725	-0.000169821294826184854	0.00000000000000000	8.52764372699958348e-05	1.00238353134259861	0.00000000000000000	0.00440000000000000027	2953.09709437466245	1.00296782149376185
48	1.00000085973159414	0.00201647584069679364	0.00000000000000000	-0.00101022250399030681	1.00208431272021681	0.00000000000000000	0.00440000000000000027	3015.92894744647901	1.00262731162339169
49	1.00150390983015525	-0.000192356753747944566	0.00000000000000000	9.61792557210294774e-05	1.00107364272558286	0.00000000000000000	0.00440000000000000027	3078.76080051829285	1.00080746345755478
50	0.999861678270541288	0.000807024612077844399	0.00000000000000000	-0.000404454672326149344	1.00231821010181554	0.00000000000000000	0.00440000000000000027	3141.59265359011579	1.00259328180044016
51	1.00214576534196032	0.00106448279845232276	0.00000000000000000	-0.000531268852049690023	1.00065945970018477	0.00000000000000000	0.00440000000000000027	3204.42450666194190	1.00002866622657516
52	1.00003135563089796	-0.000588984374953973114	0.00000000000000000	0.000295144332089040951	1.00208924629041141	0.00000000000000000	0.00440000000000000027	3267.25635973375711	1.00263256126144640
53	1.00022815766654949	0.00157938640758686086	0.00000000000000000	-0.000790849270857650263	1.00187399667353616	0.00000000000000000	0.00440000000000000027	3330.08821280556231	1.00256325010267999
54	1.00133153376320405	-0.000720134968275741583	0.00000000000000000	0.000359965188588477585	1.00110288687574767	0.00000000000000000	0.00440000000000000027	3392.92006587734977	1.00126497191933672
55	0.999775172742291884	0.000217697823636300858	0.00000000000000000	-0.000109064005125010521	1.00231198134168542	0.00000000000000000	0.00440000000000000027	3455.75191894914860	1.00288321093940036
56	1.00228654970756659	0.000481468154767287777	0.00000000000000000	-0.000240195783613114514	1.00055269835556970	0.00000000000000000	0.00440000000000000027	3518.58377202093743	0.999924356757055044
57	1.00033976782883660	-0.00117850305413294207	0.00000000000000000	0.000590203343347126853	1.00190947656953955	0.00000000000000000	0.00440000000000000027	3581.41562509273854	1.00222899929111309
58	1.00048322668206513	0.00104492929129218308	0.00000000000000000	-0.000522990149007270151	1.00172314254740447	0.00000000000000000	0.00440000000000000027	3644.24747816454192	1.00222272003874324
59	1.00109728379492191	-0.00131260301266963885	0.00000000000000000	0.000656326580734336532	1.00124214339092443	0.00000000000000000	0.00440000000000000027	3707.07933123633529	1.00157221599667268
60	0.999457661259241403	-0.000353689101968273148	0.00000000000000000	0.000177455968424253090	1.00250125474591423	0.00000000000000000	0.00440000000000000027	3769.91118430812958	1.00328668542609667
61	1.00209789130044502	-8.93741949229064309e-05	0.00000000000000000	4.46838106111315013e-05	1.00069243853514234	0.00000000000000000	0.00440000000000000027	3832.74303737993705	1.00008313456843134
62	1.00041495115086554	-0.00174855151768245343	0.00000000000000000	0.000875625588645782826	1.00192220322569070	0.00000000000000000	0.00440000000000000027	3895.57489045172133	1.00194868474136656
63	1.00064473598669768	0.000567561288995274606	0.00000000000000000	-0.000283990859285434497	1.00170107367693983	0.00000000000000000	0.00440000000000000027	3958.40674352351289	1.00176951790243973
64	1.00091859332401789	-0.00178754803181424061	0.00000000000000000	0.000894155707898428454	1.00142607317977816	0.00000000000000000	0.00440000000000000027	4021.23859659531718	1.00156358102923093
65	0.999047020070937819	-0.000708331351640026537	0.00000000000000000	0.000355589996852151945	1.00280770562269916	0.00000000000000000	0.00440000000000000027	4084.07044966710282	1.00362104175130984
66	1.00163785925056614	-0.000482706435401929201	0.00000000000000000	0.000241232699748322732	1.00103574404276663	0.00000000000000000	0.00440000000000000027	4146.90230273889574	1.00045291548557169
67	1.00021561948103477	-0.00212150667897538329	0.00000000000000000	0.00106288806386774411	1.00213384837470532	0.00000000000000000	0.00440000000000000027	4209.73415581067184	1.00189939532207029
68	1.00063727113931100	0.000293437619234423845	0.00000000000000000	-0.000147141330644738090	1.00182655834713064	0.00000000000000000	0.00440000000000000027	4272.56600888244429	1.00139707098428921
69	1.00084332105645912	-0.00200034614447925415	0.00000000000000000	0.00100059166252863818	1.00160236657658519	0.00000000000000000	0.00440000000000000027	4335.39786195426041	1.00125396707772318
70	0.998710238059138611	-0.000717671576271926032	0.00000000000000000	0.000360212829678456959	1.00311520922170327	0.00000000000000000	0.00440000000000000027	4398.22971502603559	1.00371865740632593
71	1.00106358931307526	-0.000584527834397890675	0.00000000000000000	0.000292102456978048965	1.00146930338162199	0.00000000000000000	0.00440000000000000027	4461.06156809785716	1.00089253549273050
72	0.999796043860635586	-0.00217990564510295954	0.00000000000000000	0.00109273465136032737	1.00248645476522613	0.00000000000000000	0.00440000000000000027	4523.89342116965872	1.00210963975223710
73	1.00045682892799315	0.000313891135637795003	0.00000000000000000	-0.000157458242319059426	1.00206186370837114	0.00000000000000000	0.00440000000000000027	4586.72527424146938	1.00122931158652384
74	1.00083973910208268	-0.00189500804601639436	0.00000000000000000	0.000948091002433404037	1.00174422120360518	0.00000000000000000	0.00440000000000000027	4649.55712731323911	1.00082641596744915
75	0.998561356963295510	-0.000398417159933416205	0.00000000000000000	0.000199941156256691968	1.00332223406924048	0.00000000000000000	0.00440000000000000027	4712.38898038502884	1.00353036803686768
76	1.00060061361722430	-0.000365209500993758651	0.00000000000000000	0.000182566841983991535	1.00183430574187415	0.00000000000000000	0.00440000000000000027	4775.22083345681312	1.00119659162863583
77	0.999286586851299674	-0.00189285526000211937	0.00000000000000000	0.000949718903283117144	1.00287464462593690	0.00000000000000000	0.00440000000000000027	4838.05268652859831	1.00249823349827705
78	1.00015907159434425	0.000627890370812105719	0.00000000000000000	-0.000314986694014909516	1.00233255090991169	0.00000000000000000	0.00440000000000000027	4900.88453960040533	1.00132429484449692
79	1.00085936417085897	-0.00151109556738119981	0.00000000000000000	0.000755980403622496058	1.00183405867889275	0.00000000000000000	0.00440000000000000027	4963.71639267217779	1.00048403764176208
80	0.998627719143979964	0.000124194550107749498	0.00000000000000000	-6.27401029941526342e-05	1.00337428777228421	0.00000000000000000	0.00440000000000000027	5026.54824574399936	1.00314716134127369
81	1.00044679663980873	0.000103431096392110405	0.00000000000000000	-5.21247088626007431e-05	1.00198904131296218	0.00000000000000000	0.00440000000000000027	5089.38009881582911	1.00118947506219014
82	0.998860185979181137	-0.00132484072487501535	0.00000000000000000	0.000665874779009124028	1.00317209948197394	0.00000000000000000	0.00440000000000000027	5152.21195188765523	1.00292830279288414
83	0.999841244965441467	0.00113893363119515340	0.00000000000000000	-0.000570625228262026420	1.00255017682661074	0.00000000000000000	0.00440000000000000027	5215.04380495946043	1.00164172763095660
84	1.00087405975468435	-0.000976099894878016110	0.00000000000000000	0.000489012733024682660	1.00185828870997673	0.00000000000000000	0.00440000000000000027	5277.87565803128473	1.00035608669860543
85	0.998852524013295051	0.000694580637546865758	0.00000000000000000	-0.000348455631245167801	1.00327501448314127	0.00000000000000000	0.00440000000000000027	5340.70751110308265	1.00274704436783835
86	1.00065341878106162	0.000663040112486985161	0.00000000000000000	-0.000331471139592868363	1.00188201874807947	0.00000000000000000	0.00440000000000000027	5403.53936417491605	1.00087258357731579
87	0.998680744352247740	-0.000644131882978265201	0.00000000000000000	0.000324071695548598313	1.00326845334280712	0.00000000000000000	0.00440000000000000027	5466.37121724667941	1.00320871700381242
88	0.999624073641973032	0.00169693915138344198	0.00000000000000000	-0.000850667321512163510	1.00263328228276638	0.00000000000000000	0.00440000000000000027	5529.20307031849006	1.00205546494038278
89	1.00087382092073218	-0.000455118420580605081	0.00000000000000000	0.000228236983074409788	1.00181471858621762	0.00000000000000000	0.00440000000000000027	5592.03492339028617	1.00049058149817260
90	0.999134060201447127	0.00116480161936120406	0.00000000000000000	-0.000584399861829007017	1.00307245041126691	0.00000000000000000	0.00440000000000000027	5654.86677646207409	1.00249879897082206
91	1.00110573609399722	0.00113548877772213890	0.00000000000000000	-0.000567564582345034610	1.00157244215678864	0.00000000000000000	0.00440000000000000027	5717.69862953383563	1.00041641615284882
92	0.998839780054349036	-8.79856002365068252e-05	0.00000000000000000	4.46118676576522794e-05	1.00311280792607804	0.00000000000000000	0.00440000000000000027	5780.53048260562537	1.00320515539396427
93	0.999626893375320402	0.00212937103460485860	0.00000000000000000	-0.00106742423105862794	1.00252694882203719	0.00000000000000000	0.00440000000000000027	5843.36233567741056	1.00236604305253296
94	1.00085629362199935	-0.000107063401550142327	0.00000000000000000	5.40033915202091071e-05	1.00171947876069156	0.00000000000000000	0.00440000000000000027	5906.19418874922394	1.00085155351625432
95	0.999374001428083525	0.00140631978448611458	0.00000000000000000	-0.000705280456434736330	1.00283408803641527	0.00000000000000000	0.00440000000000000027	5969.02604182100185	1.00249419170086096
96	1.00161799661494122	0.00136729704892767133	0.00000000000000000	-0.000682851215166119241	1.00118132316848785	0.00000000000000000	0.00440000000000000027	6031.85789489278523	1.00002929180176570
97	0.999288537562418422	0.000157574888082849182	0.00000000000000000	-7.86391320746031297e-05	1.00275441971332357	0.00000000000000000	0.00440000000000000027	6094.68974796456769	1.00292194039648463
98	0.999908876165719440	0.00229809072278110583	0.00000000000000000	-0.00115127403051986949	1.00223096886814789	0.00000000000000000	0.00440000000000000027	6157.52160103635833	1.00239219507641120
99	1.00083151146727456	-3.99482032348175836e-05	0.00000000000000000	2.04202693816083261e-05	1.00160042789410331	0.00000000000000000	0.00440000000000000027	6220.35345410817899	1.00131246835702181
100	0.999501697237395348	0.00135558013634019901	0.00000000000000000	-0.000679538827079813855	1.00262995152535406	0.00000000000000000	0.00440000000000000027	6283.18530717996418	1.00273122041642959
