0	1.00000000000000000	0.00000000000000000	0.00000000000000000	-0.00000000000000000	1.00219758530940384	0.00000000000000000	0.00440000000000000027	0.00000000000000000	1.00219758530940428
1	0.999999999999919065	-1.98712574173143253e-15	0.00000000000000000	3.12250225675825277e-17	1.00219758530943093	0.00000000000000000	0.00440000000000000027	62.8318530717999764	1.00219758530951197
2	1.00000000000001932	-4.43221848112074213e-15	0.00000000000000000	1.42368755673416558e-14	1.00219758530936254	0.00000000000000000	0.00440000000000000027	125.663706143600749	1.00219758530934344
3	1.00000000000008393	-7.89385917743246068e-15	0.00000000000000000	-9.41694638934009731e-15	1.00219758530932301	0.00000000000000000	0.00440000000000000027	188.495559215400135	1.00219758530923864
4	1.00000000000001021	-1.21725546309292554e-14	0.00000000000000000	-8.78056308217800563e-14	1.00219758530938541	0.00000000000000000	0.00440000000000000027	251.327412287198882	1.00219758530937475
5	0.999999999999799161	-1.68242156317610636e-14	0.00000000000000000	-1.02319194783540013e-13	1.00219758530952086	0.00000000000000000	0.00440000000000000027	314.159265358997800	1.00219758530972158
6	0.999999999999738542	-2.22401307439779039e-14	0.00000000000000000	-1.30885211523101841e-13	1.00219758530957614	0.00000000000000000	0.00440000000000000027	376.991118430798338	1.00219758530983860
7	0.999999999999618194	-2.48841745820183036e-14	0.00000000000000000	2.95553512219548509e-14	1.00219758530962766	0.00000000000000000	0.00440000000000000027	439.822971502599330	1.00219758531001046
8	0.999999999999626188	-2.47925594984432784e-14	0.00000000000000000	6.68884435686689649e-14	1.00219758530959413	0.00000000000000000	0.00440000000000000027	502.654824574399584	1.00219758530996894
9	0.999999999999386935	-2.40866354639379665e-14	0.00000000000000000	7.02177031797202034e-14	1.00219758530972181	0.00000000000000000	0.00440000000000000027	565.486677646201997	1.00219758531033665
10	0.999999999999366618	-2.28699437859747334e-14	0.00000000000000000	3.99333344169860993e-14	1.00219758530965986	0.00000000000000000	0.00440000000000000027	628.318530718000602	1.00219758531029468
11	0.999999999999239053	-2.19533592693554880e-14	0.00000000000000000	-1.25378006587961721e-13	1.00219758530970671	0.00000000000000000	0.00440000000000000027	691.150383789801140	1.00219758531046876
12	0.999999999999068412	-2.13431702866806461e-14	0.00000000000000000	-1.37526275090227301e-13	1.00219758530986258	0.00000000000000000	0.00440000000000000027	753.982236861594856	1.00219758531079539
13	0.999999999998826716	-2.07004552388312391e-14	0.00000000000000000	-1.35985840643559897e-13	1.00219758531002467	0.00000000000000000	0.00440000000000000027	816.814089933399714	1.00219758531119996
14	0.999999999998695377	-2.00039637632265510e-14	0.00000000000000000	-3.44615828928862555e-14	1.00219758531011038	0.00000000000000000	0.00440000000000000027	879.645943005195932	1.00219758531141778
15	0.999999999998622324	-1.95650787238044188e-14	0.00000000000000000	4.95120437704610339e-14	1.00219758531017122	0.00000000000000000	0.00440000000000000027	942.477796076996810	1.00219758531155234
16	0.999999999998554934	-1.89224178860636361e-14	0.00000000000000000	1.46023763827191067e-13	1.00219758531018899	0.00000000000000000	0.00440000000000000027	1005.30964914880053	1.00219758531163738
17	0.999999999998494093	-1.84143065379283044e-14	0.00000000000000000	1.45444420396323437e-13	1.00219758531017855	0.00000000000000000	0.00440000000000000027	1068.14150222058515	1.00219758531168779
18	0.999999999998586575	-1.77026362319088193e-14	0.00000000000000000	1.86683134228982084e-13	1.00219758531007153	0.00000000000000000	0.00440000000000000027	1130.97335529238831	1.00219758531148817
19	0.999999999998546274	-1.73025656302616682e-14	0.00000000000000000	8.12579170617055979e-14	1.00219758531003844	0.00000000000000000	0.00440000000000000027	1193.80520836418714	1.00219758531149528
20	0.999999999998482658	-1.66284087194101815e-14	0.00000000000000000	-5.04490112879230068e-14	1.00219758531007108	0.00000000000000000	0.00440000000000000027	1256.63706143598370	1.00219758531159187
21	0.999999999998241407	-1.61845363499946160e-14	0.00000000000000000	-1.52514719603535909e-13	1.00219758531025338	0.00000000000000000	0.00440000000000000027	1319.46891450779435	1.00219758531201553
22	0.999999999997976952	-1.58258822713364111e-14	0.00000000000000000	-1.48025688928576926e-13	1.00219758531047054	0.00000000000000000	0.00440000000000000027	1382.30076757960933	1.00219758531249759
23	0.999999999997903566	-1.55283771952063887e-14	0.00000000000000000	-8.28493090104798213e-14	1.00219758531052694	0.00000000000000000	0.00440000000000000027	1445.13262065141475	1.00219758531262859
24	0.999999999997784550	-1.49676278315968858e-14	0.00000000000000000	1.98456702460436674e-14	1.00219758531060488	0.00000000000000000	0.00440000000000000027	1507.96447372321973	1.00219758531282532
25	0.999999999997807754	-1.47530642216620045e-14	0.00000000000000000	1.73346363305237894e-13	1.00219758531054493	0.00000000000000000	0.00440000000000000027	1570.79632679501628	1.00219758531274250
26	0.999999999997923328	-1.49862761089636365e-14	0.00000000000000000	1.58290047735931694e-13	1.00219758531040859	0.00000000000000000	0.00440000000000000027	1633.62817986681239	1.00219758531249004
27	0.999999999998040678	-1.73645819945278390e-14	0.00000000000000000	1.36696209906972399e-13	1.00219758531028802	0.00000000000000000	0.00440000000000000027	1696.46003293860940	1.00219758531225245
28	0.999999999998085198	-2.10788417970286801e-14	0.00000000000000000	-6.26527909414198447e-14	1.00219758531023628	0.00000000000000000	0.00440000000000000027	1759.29188601040937	1.00219758531215541
29	0.999999999997893907	-2.65482080763490558e-14	0.00000000000000000	-1.81688865341644856e-13	1.00219758531038594	0.00000000000000000	0.00440000000000000027	1822.12373908220457	1.00219758531249603
30	0.999999999997716382	-2.70937786095437616e-14	0.00000000000000000	-2.00608626932385903e-13	1.00219758531055048	0.00000000000000000	0.00440000000000000027	1884.95559215401181	1.00219758531283865
31	0.999999999997434386	-2.72264849554559873e-14	0.00000000000000000	-9.12911239658864559e-14	1.00219758531077874	0.00000000000000000	0.00440000000000000027	1947.78744522581542	1.00219758531335001
32	0.999999999997143618	-2.65915761632484760e-14	0.00000000000000000	6.49896803039951010e-14	1.00219758531097192	0.00000000000000000	0.00440000000000000027	2010.61929829761834	1.00219758531383474
33	0.999999999997081557	-2.59124319224035560e-14	0.00000000000000000	2.16637471850411600e-13	1.00219758531093728	0.00000000000000000	0.00440000000000000027	2073.45115136940740	1.00219758531386316
34	0.999999999997016054	-2.56947241261684667e-14	0.00000000000000000	2.41344270957011275e-13	1.00219758531089242	0.00000000000000000	0.00440000000000000027	2136.28300444120759	1.00219758531388381
35	0.999999999997019717	-2.51985932120390999e-14	0.00000000000000000	1.37384759601663631e-13	1.00219758531080605	0.00000000000000000	0.00440000000000000027	2199.11485751300688	1.00219758531379277
36	0.999999999996898259	-2.46174608475868695e-14	0.00000000000000000	-2.91659058015980577e-14	1.00219758531083936	0.00000000000000000	0.00440000000000000027	2261.94671058479344	1.00219758531394776
37	0.999999999996645017	-2.43693953905221861e-14	0.00000000000000000	-1.42236916689242321e-13	1.00219758531099501	0.00000000000000000	0.00440000000000000027	2324.77856365659454	1.00219758531435699
38	0.999999999996348032	-2.43143179201599224e-14	0.00000000000000000	-1.77262284711821039e-13	1.00219758531123881	0.00000000000000000	0.00440000000000000027	2387.61041672839474	1.00219758531489900
39	0.999999999995998756	-2.38697950294408656e-14	0.00000000000000000	-7.41579107149670236e-14	1.00219758531152658	0.00000000000000000	0.00440000000000000027	2450.44226980019403	1.00219758531553649
40	0.999999999995871969	-2.35011662907957941e-14	0.00000000000000000	6.81234582633472030e-14	1.00219758531157010	0.00000000000000000	0.00440000000000000027	2513.27412287199741	1.00219758531570791
41	0.999999999995886180	-2.32531008337311107e-14	0.00000000000000000	1.86287617276459372e-13	1.00219758531152459	0.00000000000000000	0.00440000000000000027	2576.10597594378078	1.00219758531564862
42	0.999999999996018074	-2.28358998377586886e-14	0.00000000000000000	2.33602200083726785e-13	1.00219758531135872	0.00000000000000000	0.00440000000000000027	2638.93782901559280	1.00219758531535152
43	0.999999999996040723	-2.27164207583507860e-14	0.00000000000000000	7.06212432283193081e-14	1.00219758531129455	0.00000000000000000	0.00440000000000000027	2701.76968208741846	1.00219758531526271
44	0.999999999995936029	-2.24664037373756287e-14	0.00000000000000000	-7.21272000459016738e-14	1.00219758531134495	0.00000000000000000	0.00440000000000000027	2764.60153515920774	1.00219758531541747
45	0.999999999995713207	-2.24386481617599998e-14	0.00000000000000000	-1.45903254755719303e-13	1.00219758531149350	0.00000000000000000	0.00440000000000000027	2827.43338823099839	1.00219758531578851
46	0.999999999995459965	-2.23475751792712174e-14	0.00000000000000000	-1.65608846081077843e-13	1.00219758531167935	0.00000000000000000	0.00440000000000000027	2890.26524130278767	1.00219758531622838
47	0.999999999995235922	-2.22027257690271540e-14	0.00000000000000000	-1.41552351437534973e-13	1.00219758531185144	0.00000000000000000	0.00440000000000000027	2953.09709437460015	1.00219758531662584
48	0.999999999995100142	-2.19043533311591432e-14	0.00000000000000000	6.35082264555109077e-14	1.00219758531196534	0.00000000000000000	0.00440000000000000027	3015.92894744638397	1.00219758531687608
49	0.999999999994951816	-2.17599376017840740e-14	0.00000000000000000	2.58862375979163062e-13	1.00219758531205549	0.00000000000000000	0.00440000000000000027	3078.76080051816643	1.00219758531711567
50	0.999999999995138111	-2.16077156167671092e-14	0.00000000000000000	3.15362319591727669e-13	1.00219758531188541	0.00000000000000000	0.00440000000000000027	3141.59265358996572	1.00219758531675951
51	0.999999999995189071	-2.13097768597680925e-14	0.00000000000000000	2.90097373206732456e-13	1.00219758531177638	0.00000000000000000	0.00440000000000000027	3204.42450666178092	1.00219758531659875
52	0.999999999995342392	-2.10283179757908556e-14	0.00000000000000000	1.42770344158105189e-13	1.00219758531160941	0.00000000000000000	0.00440000000000000027	3267.25635973357748	1.00219758531627789
53	0.999999999995248467	-2.09745415480355746e-14	0.00000000000000000	-1.37442141001642426e-14	1.00219758531163872	0.00000000000000000	0.00440000000000000027	3330.08821280535767	1.00219758531640069
54	0.999999999995229927	-2.10083686558171223e-14	0.00000000000000000	-2.26811625037015574e-13	1.00219758531168246	0.00000000000000000	0.00440000000000000027	3392.92006587717196	1.00219758531646219
55	0.999999999995090594	-2.10231138053629252e-14	0.00000000000000000	-2.47031128192132243e-13	1.00219758531181413	0.00000000000000000	0.00440000000000000027	3455.75191894896125	1.00219758531673397
56	0.999999999994822475	-2.08348963082194416e-14	0.00000000000000000	-1.86468028517960960e-13	1.00219758531202285	0.00000000000000000	0.00440000000000000027	3518.58377202076326	1.00219758531721115
57	0.999999999994595767	-2.08917085020576820e-14	0.00000000000000000	-1.81170183022327791e-13	1.00219758531220449	0.00000000000000000	0.00440000000000000027	3581.41562509257164	1.00219758531762060
58	0.999999999994402478	-2.05833614042028046e-14	0.00000000000000000	-3.86843335142827982e-16	1.00219758531238301	0.00000000000000000	0.00440000000000000027	3644.24747816434729	1.00219758531799297
59	0.999999999994391486	-2.05451974877313148e-14	0.00000000000000000	2.52007616163840709e-14	1.00219758531241010	0.00000000000000000	0.00440000000000000027	3707.07933123615430	1.00219758531803138
60	0.999999999994427347	-2.04784106339062077e-14	0.00000000000000000	2.85826050328008563e-14	1.00219758531239633	0.00000000000000000	0.00440000000000000027	3769.91118430794404	1.00219758531798142
61	0.999999999994476085	-2.03695567357886631e-14	0.00000000000000000	4.28329247070813324e-14	1.00219758531237679	0.00000000000000000	0.00440000000000000027	3832.74303737976243	1.00219758531791259
62	0.999999999994532041	-2.02845552854657996e-14	0.00000000000000000	1.20715503565405058e-13	1.00219758531233016	0.00000000000000000	0.00440000000000000027	3895.57489045155808	1.00219758531781067
63	0.999999999994570787	-2.01926149412390288e-14	0.00000000000000000	1.54775064292733688e-13	1.00219758531228353	0.00000000000000000	0.00440000000000000027	3958.40674352334281	1.00219758531772585
64	0.999999999994779620	-2.01158534274270551e-14	0.00000000000000000	2.72724984956562722e-13	1.00219758531211744	0.00000000000000000	0.00440000000000000027	4021.23859659514937	1.00219758531735015
65	0.999999999994921618	-2.00553549462023639e-14	0.00000000000000000	3.30219792482600027e-13	1.00219758531202996	0.00000000000000000	0.00440000000000000027	4084.07044966696640	1.00219758531711967
66	0.999999999995170308	-1.98747268642662789e-14	0.00000000000000000	3.22009779951670794e-13	1.00219758531181391	0.00000000000000000	0.00440000000000000027	4146.90230273880479	1.00219758531665715
67	0.999999999995326849	-1.99913870180257192e-14	0.00000000000000000	3.08486309413824600e-13	1.00219758531168557	0.00000000000000000	0.00440000000000000027	4209.73415581059726	1.00219758531636982
68	0.999999999995460409	-2.00043974440955452e-14	0.00000000000000000	3.30599696923838948e-13	1.00219758531157233	0.00000000000000000	0.00440000000000000027	4272.56600888238609	1.00219758531612246
69	0.999999999995492495	-2.00395255944840756e-14	0.00000000000000000	3.00572067235549412e-13	1.00219758531153569	0.00000000000000000	0.00440000000000000027	4335.39786195420038	1.00219758531605518
70	0.999999999995467626	-1.99909533371567250e-14	0.00000000000000000	2.88775947598907123e-13	1.00219758531153880	0.00000000000000000	0.00440000000000000027	4398.22971502597284	1.00219758531608338
71	0.999999999995485167	-1.98990129929299542e-14	0.00000000000000000	2.99890320909490526e-13	1.00219758531153080	0.00000000000000000	0.00440000000000000027	4461.06156809778895	1.00219758531605718
72	0.999999999995527911	-1.98018684782752530e-14	0.00000000000000000	2.97610894262057002e-13	1.00219758531150194	0.00000000000000000	0.00440000000000000027	4523.89342116961780	1.00219758531598546
73	0.999999999995559441	-1.98443692034366848e-14	0.00000000000000000	3.28040546115904164e-13	1.00219758531145220	0.00000000000000000	0.00440000000000000027	4586.72527424143118	1.00219758531590397
74	0.999999999995438205	-1.98435018416986964e-14	0.00000000000000000	3.58547393164432293e-13	1.00219758531153413	0.00000000000000000	0.00440000000000000027	4649.55712731324638	1.00219758531610825
75	0.999999999995404454	-1.97480920505199720e-14	0.00000000000000000	3.52561729810574320e-13	1.00219758531155656	0.00000000000000000	0.00440000000000000027	4712.38898038507068	1.00219758531616510
76	0.999999999995529576	-1.96977850697166446e-14	0.00000000000000000	3.72513001348218076e-13	1.00219758531146574	0.00000000000000000	0.00440000000000000027	4775.22083345687315	1.00219758531594616
77	0.999999999995521693	-1.95223611582084899e-14	0.00000000000000000	3.40772332227401442e-13	1.00219758531147818	0.00000000000000000	0.00440000000000000027	4838.05268652867562	1.00219758531596681
78	0.999999999995610622	-1.96010742359309376e-14	0.00000000000000000	3.06421988477412199e-13	1.00219758531142156	0.00000000000000000	0.00440000000000000027	4900.88453960050447	1.00219758531582115
79	0.999999999995711208	-1.94557911448178800e-14	0.00000000000000000	3.01968085952841747e-13	1.00219758531136183	0.00000000000000000	0.00440000000000000027	4963.71639267225328	1.00219758531566061
80	0.999999999995728417	-1.94679342091497176e-14	0.00000000000000000	2.75503578284208572e-13	1.00219758531134828	0.00000000000000000	0.00440000000000000027	5026.54824574405029	1.00219758531563152
81	0.999999999995584754	-1.95199759134290218e-14	0.00000000000000000	2.62489682767430565e-13	1.00219758531144221	0.00000000000000000	0.00440000000000000027	5089.38009881582002	1.00219758531586911
82	0.999999999995625388	-1.95373231481887899e-14	0.00000000000000000	3.66050939559769972e-13	1.00219758531145353	0.00000000000000000	0.00440000000000000027	5152.21195188762795	1.00219758531583958
83	0.999999999995515809	-1.95052307638832190e-14	0.00000000000000000	3.10717597484799768e-13	1.00219758531151903	0.00000000000000000	0.00440000000000000027	5215.04380495943860	1.00219758531601522
84	0.999999999995536126	-1.94384439100581119e-14	0.00000000000000000	2.79830845995032718e-13	1.00219758531152880	0.00000000000000000	0.00440000000000000027	5277.87565803124107	1.00219758531600456
85	0.999999999995617950	-1.94063515257525410e-14	0.00000000000000000	1.51387366184585481e-13	1.00219758531146419	0.00000000000000000	0.00440000000000000027	5340.70751110305082	1.00219758531585645
86	0.999999999995510813	-1.95520682977345928e-14	0.00000000000000000	-3.35790423244830549e-14	1.00219758531152636	0.00000000000000000	0.00440000000000000027	5403.53936417484329	1.00219758531602499
87	0.999999999995359268	-1.95394915525337609e-14	0.00000000000000000	-1.20916297807749373e-13	1.00219758531164382	0.00000000000000000	0.00440000000000000027	5466.37121724662666	1.00219758531629410
88	0.999999999995160982	-1.95217106369049986e-14	0.00000000000000000	-2.11115847026377423e-13	1.00219758531181169	0.00000000000000000	0.00440000000000000027	5529.20307031843458	1.00219758531665915
89	0.999999999994836131	-1.95260474455949407e-14	0.00000000000000000	-2.13634665513495747e-13	1.00219758531206993	0.00000000000000000	0.00440000000000000027	5592.03492339022250	1.00219758531724268
90	0.999999999994698463	-1.95737523411843028e-14	0.00000000000000000	-7.86497603155744684e-14	1.00219758531217940	0.00000000000000000	0.00440000000000000027	5654.86677646205135	1.00219758531749248
91	0.999999999994787281	-1.95415515366614834e-14	0.00000000000000000	3.59521440396193270e-14	1.00219758531215652	0.00000000000000000	0.00440000000000000027	5717.69862953385655	1.00219758531738123
92	0.999999999994912847	-1.94948224230273581e-14	0.00000000000000000	1.29253378833293908e-13	1.00219758531210723	0.00000000000000000	0.00440000000000000027	5780.53048260567175	1.00219758531720537
93	0.999999999995089484	-1.96023752785379202e-14	0.00000000000000000	2.13997222719974900e-13	1.00219758531199599	0.00000000000000000	0.00440000000000000027	5843.36233567743875	1.00219758531691916
94	0.999999999995205835	-1.97758476261356009e-14	0.00000000000000000	2.71930047923696350e-13	1.00219758531185077	0.00000000000000000	0.00440000000000000027	5906.19418874926396	1.00219758531665781
95	0.999999999995258015	-1.98662700873208919e-14	0.00000000000000000	3.26284572277346641e-13	1.00219758531172309	0.00000000000000000	0.00440000000000000027	5969.02604182102186	1.00219758531647662
96	0.999999999995247801	-1.98140115426070906e-14	0.00000000000000000	2.87933739351320384e-13	1.00219758531169800	0.00000000000000000	0.00440000000000000027	6031.85789489282979	1.00219758531646241
97	0.999999999995283106	-1.99649324850170728e-14	0.00000000000000000	1.91980112362877264e-13	1.00219758531165248	0.00000000000000000	0.00440000000000000027	6094.68974796466773	1.00219758531638181
98	0.999999999995099698	-1.99354421859254671e-14	0.00000000000000000	-3.69669572730657592e-15	1.00219758531174374	0.00000000000000000	0.00440000000000000027	6157.52160103647566	1.00219758531665493
99	0.999999999994873767	-1.98877372903361049e-14	0.00000000000000000	-2.14302534051746818e-13	1.00219758531188741	0.00000000000000000	0.00440000000000000027	6220.35345410825630	1.00219758531702419
100	0.999999999994778066	-1.98088073721791602e-14	0.00000000000000000	-2.31131953853935812e-13	1.00219758531200287	0.00000000000000000	0.00440000000000000027	6283.18530718007514	1.00219758531723557
