0	1.00000000000000000	0.00000000000000000	0.00000000000000000	-0.00000000000000000	1.00219758530940384	0.00000000000000000	0.00440000000000000027	0.00000000000000000	1.00219758530940428
1	1.00326315817527734	0.00171799334301978674	0.00000000000000000	-0.000855510736607842295	0.999648941779363143	0.00000000000000000	0.00440000000000000027	62.8318530717997490	0.999655790296428481
2	1.00182344079433072	-0.00278608665445585161	0.00000000000000000	0.00139114965700638847	1.00073821451897804	0.00000000000000000	0.00440000000000000027	125.663706143599399	1.00109305460997255
3	1.00039581737485683	0.00124078062879440319	0.00000000000000000	-0.000621289806421981405	1.00187251687302026	0.00000000000000000	0.00440000000000000027	188.495559215398686	1.00240115835789245
4	1.00392498452146239	-0.000363024015212805827	0.00000000000000000	0.000180530441274375474	0.999164420362310013	0.00000000000000000	0.00440000000000000027	251.327412287199252	0.998934240936509399
5	1.00048714452321907	-0.00252285694944942140	0.00000000000000000	0.00126295219296000075	1.00179555239400231	0.00000000000000000	0.00440000000000000027	314.159265358998425	1.00230350681450897
6	1.00150185076459808	0.00169489221582825992	0.00000000000000000	-0.000846862437260158295	1.00100373250525676	0.00000000000000000	0.00440000000000000027	376.991118430798110	1.00134272752796205
7	1.00337712548602975	-0.00252618472492749163	0.00000000000000000	0.00125771479233181198	0.999589172945812177	0.00000000000000000	0.00440000000000000027	439.822971502599216	0.999424018179590479
8	0.999868884587025941	-0.00132108522230314079	0.00000000000000000	0.000662156047299800911	1.00232508029182954	0.00000000000000000	0.00440000000000000027	502.654824574400322	1.00275220057958880
9	1.00285807251317127	0.000903835787151265144	0.00000000000000000	-0.000450465120334470623	0.999991127882800979	0.00000000000000000	0.00440000000000000027	565.486677646201542	0.999912274694945813
10	1.00190586926901548	-0.00377252671073003039	0.00000000000000000	0.00188352131969355915	1.00072025334765624	0.00000000000000000	0.00440000000000000027	628.318530718006741	1.00081064331649605
11	1.00006718196072564	4.29886275736160017e-05	0.00000000000000000	-2.15531712110922889e-05	1.00219038680707229	0.00000000000000000	0.00440000000000000027	691.150383789801367	1.00247262586781782
12	1.00361916510950056	-0.000963034249443065794	0.00000000000000000	0.000479281808243146694	0.999455037344103014	0.00000000000000000	0.00440000000000000027	753.982236861605656	0.998991648130314602
13	1.00036113302059260	-0.00362629110498785979	0.00000000000000000	0.00181594119743997426	1.00194577986463296	0.00000000000000000	0.00440000000000000027	816.814089933409264	1.00217117412357837
14	1.00096515348064963	0.000763956498133293825	0.00000000000000000	-0.000382150096341938922	1.00149527620742607	0.00000000000000000	0.00440000000000000027	879.645943005206732	1.00154835855344926
15	1.00321471376367310	-0.00307633931889312717	0.00000000000000000	0.00153230212137492848	0.999795029415179393	0.00000000000000000	0.00440000000000000027	942.477796077008634	0.999235024130391891
16	0.999512409921870515	-0.00238967427900613899	0.00000000000000000	0.00119874013603260034	1.00267350643376574	0.00000000000000000	0.00440000000000000027	1005.30964914880974	1.00276383454725093
17	1.00221631485205442	0.000330237465995443340	0.00000000000000000	-0.000164817630228815577	1.00056648170604046	0.00000000000000000	0.00440000000000000027	1068.14150222060289	1.00017996471919046
18	1.00178414524443848	-0.00440544427053836743	0.00000000000000000	0.00220035483124961673	1.00091157198502034	0.00000000000000000	0.00440000000000000027	1130.97335529239899	1.00051132617577654
19	0.999544474809088923	-0.000833245525686885334	0.00000000000000000	0.000417983656118160046	1.00270058312417087	0.00000000000000000	0.00440000000000000027	1193.80520836420328	1.00254465394240411
20	1.00307246713524578	-0.00121658525813789827	0.00000000000000000	0.000606191984221792456	0.999972517643723524	0.00000000000000000	0.00440000000000000027	1256.63706143599711	0.999103392714174365
21	1.00009448883102103	-0.00432504581071745629	0.00000000000000000	0.00216728142341913749	1.00225137872008063	0.00000000000000000	0.00440000000000000027	1319.46891450779913	1.00199004064613595
22	1.00029008297869759	0.000210102760418879111	0.00000000000000000	-0.000105261406017310641	1.00213641253146402	0.00000000000000000	0.00440000000000000027	1382.30076757960614	1.00171547138420913
23	1.00285366207500948	-0.00317292835527969476	0.00000000000000000	0.00158177349995191219	1.00018877120380556	0.00000000000000000	0.00440000000000000027	1445.13262065141134	0.999096689533824578
24	0.999031292858385878	-0.00301438944779478879	0.00000000000000000	0.00151372647055787127	1.00314897520647639	0.00000000000000000	0.00440000000000000027	1507.96447372321882	1.00276518410293436
25	1.00144880088443955	0.000177582779395572300	0.00000000000000000	-8.87972355426841498e-05	1.00127094392581872	0.00000000000000000	0.00440000000000000027	1570.79632679502447	1.00043932220113274
26	1.00154430566792807	-0.00451325626235735654	0.00000000000000000	0.00225564252427347530	1.00122282854327049	0.00000000000000000	0.00440000000000000027	1633.62817986682694	1.00021788863373118
27	0.998925186348587069	-0.00123394080280241503	0.00000000000000000	0.000619814657659959259	1.00330265879504199	0.00000000000000000	0.00440000000000000027	1696.46003293863032	1.00262624770452780
28	1.00240049422328048	-0.000991096239075625086	0.00000000000000000	0.000494530740060953895	1.00060357178385151	0.00000000000000000	0.00440000000000000027	1759.29188601042961	0.999263623783131383
29	0.999800772165435281	-0.00448459960883652604	0.00000000000000000	0.00224888259940643140	1.00260014719939994	0.00000000000000000	0.00440000000000000027	1822.12373908223344	1.00175496194637659
30	0.999587269291078107	0.000148709178448157959	0.00000000000000000	-7.46407542956915035e-05	1.00281335932269222	0.00000000000000000	0.00440000000000000027	1884.95559215403136	1.00184939249097371
31	1.00241214193945138	-0.00272682937702518891	0.00000000000000000	0.00136075531769949947	1.00065187194584548	0.00000000000000000	0.00440000000000000027	1947.78744522583997	0.999011612004689686
32	0.998563410532427698	-0.00311174239982338688	0.00000000000000000	0.00156426526251461553	1.00362078948880584	0.00000000000000000	0.00440000000000000027	2010.61929829763631	1.00273799143464282
33	1.00069492082319056	0.000515326012608506231	0.00000000000000000	-0.000258037778862883066	1.00197052795215114	0.00000000000000000	0.00440000000000000027	2073.45115136944423	1.00066974952176646
34	1.00130207799166637	-0.00404421161970850047	0.00000000000000000	0.00202252904374186117	1.00153479601026985	0.00000000000000000	0.00440000000000000027	2136.28300444124852	0.999937136525275938
35	0.998338335361115159	-0.00112560084762011714	0.00000000000000000	0.000566120114709088183	1.00386745215553597	0.00000000000000000	0.00440000000000000027	2199.11485751302916	1.00272048757487919
36	1.00174356143524723	-0.000275120176887925540	0.00000000000000000	0.000137446443750957256	1.00121126169825714	0.00000000000000000	0.00440000000000000027	2261.94671058482390	0.999458991836500221
37	0.999602453421462034	-0.00409369835082838782	0.00000000000000000	0.00205397706663393255	1.00286670799947397	0.00000000000000000	0.00440000000000000027	2324.77856365661455	1.00148486098945355
38	0.998975056623154778	0.000565940379642136324	0.00000000000000000	-0.000284357851083838660	1.00340153449635094	0.00000000000000000	0.00440000000000000027	2387.61041672841884	1.00197975001163697
39	1.00201741484362428	-0.00177902322009439087	0.00000000000000000	0.000888563688100058036	1.00105506628207053	0.00000000000000000	0.00440000000000000027	2450.44226980023086	0.998984506122162608
40	0.998248146528967095	-0.00272515805537782915	0.00000000000000000	0.00137092336361723747	1.00395389110123578	0.00000000000000000	0.00440000000000000027	2513.27412287202151	1.00266146587348359
41	1.00008735358048217	0.00128423106630430953	0.00000000000000000	-0.000643848316057923573	1.00253400561770079	0.00000000000000000	0.00440000000000000027	2576.10597594383353	1.00086481980660258
42	1.00117259909054335	-0.00307985956986387907	0.00000000000000000	0.00154083536588634114	1.00172828418973348	0.00000000000000000	0.00440000000000000027	2638.93782901562417	0.999692764476488360
43	0.997912959315370940	-0.000603085493713408430	0.00000000000000000	0.000303576843559395359	1.00426828711048199	0.00000000000000000	0.00440000000000000027	2701.76968208743028	1.00281955809466616
44	1.00123412437114001	0.000818621784188502608	0.00000000000000000	-0.000409548832981225421	1.00166747098122055	0.00000000000000000	0.00440000000000000027	2764.60153515924958	0.999666290065796770
45	0.999601816926043996	-0.00326659543153468099	0.00000000000000000	0.00163916253015387609	1.00294294120525529	0.00000000000000000	0.00440000000000000027	2827.43338823106023	1.00118730419472723
46	0.998552540111938169	0.00132305014405091647	0.00000000000000000	-0.000665326863524275678	1.00379501584991515	0.00000000000000000	0.00440000000000000027	2890.26524130286361	1.00211502110294237
47	1.00177495608901679	-0.000491673944593715509	0.00000000000000000	0.000245673734357864521	1.00129045428222740	0.00000000000000000	0.00440000000000000027	2953.09709437465835	0.999014207810302257
48	0.998191544476393577	-0.00201267247321530339	0.00000000000000000	0.00101266278057278187	1.00404276675541593	0.00000000000000000	0.00440000000000000027	3015.92894744644309	1.00253386874172068
49	0.999719317355164727	0.00230991644286317448	0.00000000000000000	-0.00115894168292868423	1.00286538354074750	0.00000000000000000	0.00440000000000000027	3078.76080051823783	1.00103315242930146
50	1.00123885269616730	-0.00181613431787572602	0.00000000000000000	0.000908517235371547409	1.00171590889349704	0.00000000000000000	0.00440000000000000027	3141.59265359004166	0.999486626495859509
51	0.997745534844485027	0.000133562364439531768	0.00000000000000000	-6.73086257353397097e-05	1.00441290015252482	0.00000000000000000	0.00440000000000000027	3204.42450666184368	1.00290352647866698
52	1.00096472059927533	0.00207984562525105523	0.00000000000000000	-0.00104100847051134641	1.00188461871109080	0.00000000000000000	0.00440000000000000027	3267.25635973364297	0.999869373542880968
53	0.999856830224197357	-0.00221580083302329745	0.00000000000000000	0.00111135449481075763	1.00276476457215757	0.00000000000000000	0.00440000000000000027	3330.08821280545271	1.00088353590358770
54	0.998377742547532754	0.00219088898476526564	0.00000000000000000	-0.00110208444824659146	1.00393185922344697	0.00000000000000000	0.00440000000000000027	3392.92006587726019	1.00227389541901024
55	1.00174525417053206	0.000890738511506295946	0.00000000000000000	-0.000445205988449388912	1.00129754697277273	0.00000000000000000	0.00440000000000000027	3455.75191894907357	0.999095029635889698
56	0.998441015637855589	-0.00120596793418615037	0.00000000000000000	0.000606460304516194884	1.00383799029306142	0.00000000000000000	0.00440000000000000027	3518.58377202087104	1.00234857672059707
57	0.999622731525634300	0.00334577281066838735	0.00000000000000000	-0.00167890936837149099	1.00292758085132916	0.00000000000000000	0.00440000000000000027	3581.41562509266942	1.00118335484838306
58	1.00152819979812713	-0.000515607410424426173	0.00000000000000000	0.000257749810540088215	1.00146653020013088	0.00000000000000000	0.00440000000000000027	3644.24747816447734	0.999327580609893906
59	0.997875121525152231	0.000829344783419734988	0.00000000000000000	-0.000417579520494216257	1.00426740499085021	0.00000000000000000	0.00440000000000000027	3707.07933123627845	1.00295352651473468
60	1.00096446625811475	0.00325131667920434183	0.00000000000000000	-0.00162721875475473673	1.00183826948279298	0.00000000000000000	0.00440000000000000027	3769.91118430806000	1.00005140965718087
61	1.00036626099426407	-0.00120065780577331216	0.00000000000000000	0.000601559448497391777	1.00232914154881958	0.00000000000000000	0.00440000000000000027	3832.74303737987748	1.00058504507895485
62	0.998454828749917200	0.00290634455098539787	0.00000000000000000	-0.00146160818445137917	1.00380912089800689	0.00000000000000000	0.00440000000000000027	3895.57489045165357	1.00244954703207689
63	1.00193181785972385	0.00210085425977597860	0.00000000000000000	-0.00104948514008462897	1.00107721644563608	0.00000000000000000	0.00440000000000000027	3958.40674352344013	0.999211057759493815
64	0.998975097621836117	-0.000552400848563559463	0.00000000000000000	0.000277466398435748454	1.00335838823781986	0.00000000000000000	0.00440000000000000027	4021.23859659524305	1.00211612544499440
65	0.999762487583359505	0.00413413368845084398	0.00000000000000000	-0.00207372607623984486	1.00275070790878384	0.00000000000000000	0.00440000000000000027	4084.07044966702369	1.00134403107573666
66	1.00200451832690840	0.000556984196555149712	0.00000000000000000	-0.000278220095182553709	1.00101431126787199	0.00000000000000000	0.00440000000000000027	4146.90230273880570	0.999220959066346781
67	0.998273276159949985	0.00123899492782458603	0.00000000000000000	-0.000623244897376928203	1.00386509940860735	0.00000000000000000	0.00440000000000000027	4209.73415581060362	1.00295479966791312
68	1.00119083535222453	0.00409101534750020996	0.00000000000000000	-0.00204628671869987004	1.00157380060967638	0.00000000000000000	0.00440000000000000027	4272.56600888242247	1.00020682552553764
69	1.00106703792800245	-0.000463459816407615281	0.00000000000000000	0.000231843947559049368	1.00169685836392275	0.00000000000000000	0.00440000000000000027	4335.39786195425222	1.00030413831442022
70	0.998732635829811644	0.00323713522880947693	0.00000000000000000	-0.00162684622901963435	1.00348368271641775	0.00000000000000000	0.00440000000000000027	4398.22971502605742	1.00262905892471532
71	1.00228118792559129	0.00291308382226396255	0.00000000000000000	-0.00145402545866618127	1.00069079882526801	0.00000000000000000	0.00440000000000000027	4461.06156809784898	0.999341989062912495
72	0.999709571019877674	-0.000254424399871439402	0.00000000000000000	0.000127550992068926720	1.00268598012038646	0.00000000000000000	0.00440000000000000027	4523.89342116960597	1.00185364269684851
73	1.00004744815719993	0.00447002998933333437	0.00000000000000000	-0.00224065826660700684	1.00242288847765404	0.00000000000000000	0.00440000000000000027	4586.72527424140935	1.00152917737879665
74	1.00257823357137799	0.00119932706947887494	0.00000000000000000	-0.000598314487263691165	1.00044940775105751	0.00000000000000000	0.00440000000000000027	4649.55712731317999	0.999173070199422253
75	0.998851524408906233	0.00118963615443083248	0.00000000000000000	-0.000597683250372067591	1.00329747736924491	0.00000000000000000	0.00440000000000000027	4712.38898038499792	1.00289955788328800
76	1.00153978276777988	0.00443139149209921621	0.00000000000000000	-0.00221473322910276105	1.00119460973555685	0.00000000000000000	0.00440000000000000027	4775.22083345677038	1.00034924093890298
77	1.00184578795883872	-0.000168738141530367161	0.00000000000000000	8.42229687480181184e-05	1.00097940925689044	0.00000000000000000	0.00440000000000000027	4838.05268652857194	1.00004910803877012
78	0.999115671874534428	0.00303925038405646530	0.00000000000000000	-0.00152599876313417779	1.00305817887934001	0.00000000000000000	0.00440000000000000027	4900.88453960034803	1.00279101212693078
79	1.00269468877278145	0.00319754113464742942	0.00000000000000000	-0.00159444222592273512	1.00024490360816687	0.00000000000000000	0.00440000000000000027	4963.71639267217961	0.999468753808495314
80	1.00051746436721078	-0.000420618100313477133	0.00000000000000000	0.000210547109901344917	1.00194568143776253	0.00000000000000000	0.00440000000000000027	5026.54824574399754	1.00156925079458059
81	1.00035437970460483	0.00425130326427376401	0.00000000000000000	-0.00212942775861237575	1.00206683570601340	0.00000000000000000	0.00440000000000000027	5089.38009881577364	1.00173626717881281
82	1.00313042206582015	0.00131949336364351453	0.00000000000000000	-0.000657466457406059206	0.999893792395718850	0.00000000000000000	0.00440000000000000027	5152.21195188759430	0.999173853103395015
83	0.999484131759752592	0.000624289204141788637	0.00000000000000000	-0.000313274885714448503	1.00269046794136307	0.00000000000000000	0.00440000000000000027	5215.04380495938130	1.00278527627291814
84	1.00187229992404969	0.00421986118110164333	0.00000000000000000	-0.00210738679181950682	1.00083501952803067	0.00000000000000000	0.00440000000000000027	5277.87565803118014	1.00049070920973882
85	1.00256395453935765	-0.000362268963898539770	0.00000000000000000	0.000180580923280541927	1.00031244417916199	0.00000000000000000	0.00440000000000000027	5340.70751110298625	0.999832904303811443
86	0.999486600646749990	0.00229365891888466244	0.00000000000000000	-0.00115067225255830255	1.00265520680564002	0.00000000000000000	0.00440000000000000027	5403.53936417477689	1.00292354394358330
87	1.00305060785915479	0.00295125291231443116	0.00000000000000000	-0.00147043706333160971	0.999865469236319138	0.00000000000000000	0.00440000000000000027	5466.37121724657209	0.999576983224883309
88	1.00125797193195942	-0.00103804870315805410	0.00000000000000000	0.000518865680957037584	1.00127543399738173	0.00000000000000000	0.00440000000000000027	5529.20307031837183	1.00126939568889939
89	1.00055835090254663	0.00350346900833789152	0.00000000000000000	-0.00175391867576828089	1.00180896997352464	0.00000000000000000	0.00440000000000000027	5592.03492339019340	1.00197352358524472
90	1.00354321526132528	0.000956999919236342037	0.00000000000000000	-0.000476421200563812829	0.999470120020844344	0.00000000000000000	0.00440000000000000027	5654.86677646197859	0.999205551694226535
91	1.00003991932938807	-0.000383669479637358153	0.00000000000000000	0.000192152363290189719	1.00217295609109436	0.00000000000000000	0.00440000000000000027	5717.69862953374650	1.00262176189537922
92	1.00205072518986937	0.00353150116545134125	0.00000000000000000	-0.00176284713654168606	1.00062557709272193	0.00000000000000000	0.00440000000000000027	5780.53048260555624	1.00065330502159666
93	1.00309163680438385	-0.000960384464984517360	0.00000000000000000	0.000478338279159437781	0.999822423059137377	0.00000000000000000	0.00440000000000000027	5843.36233567740146	0.999672267307829210
94	0.999735686932239354	0.00111197932930550206	0.00000000000000000	-0.000557565619986009897	1.00238651547996538	0.00000000000000000	0.00440000000000000027	5906.19418874920211	1.00300922881168009
95	1.00323310010039046	0.00229744146187539112	0.00000000000000000	-0.00114420436455476247	0.999667118879910999	0.00000000000000000	0.00440000000000000027	5969.02604182100731	0.999669652872369308
96	1.00180809104713076	-0.00197422896866869708	0.00000000000000000	0.000985777689286045956	1.00079411417200825	0.00000000000000000	0.00440000000000000027	6031.85789489279432	1.00097907767492678
97	1.00056263642445353	0.00237338898335916464	0.00000000000000000	-0.00118809380655516845	1.00174877199266210	0.00000000000000000	0.00440000000000000027	6094.68974796457951	1.00221667519601887
98	1.00372826574962315	0.000271837241343287836	0.00000000000000000	-0.000135334651106488145	0.999272168635325087	0.00000000000000000	0.00440000000000000027	6157.52160103639380	0.999247901859714571
99	1.00041484506030076	-0.00164831936455728852	0.00000000000000000	0.000825187303852941735	1.00184575851089086	0.00000000000000000	0.00440000000000000027	6220.35345410820355	1.00241456846030674
100	1.00197502980131681	0.00255024842360199525	0.00000000000000000	-0.00127320179178973519	1.00066011889451123	0.00000000000000000	0.00440000000000000027	6283.18530718000420	1.00085366453036229
