0	1.00000000000000000	0.00000000000000000	0.00000000000000000	-0.00000000000000000	1.00219758530940384	0.00000000000000000	0.00440000000000000027	0.00000000000000000	1.00219758530940428
1	1.00151231987335576	0.000703400575222108519	0.00000000000000000	-0.000351450253796019470	1.00101622832902448	0.00000000000000000	0.00440000000000000027	62.8318530717998698	1.00101051166523258
2	1.00073288892697887	-0.00134265688113630781	0.00000000000000000	0.000671846596601136797	1.00161039785391592	0.00000000000000000	0.00440000000000000027	125.663706143599839	1.00178160813707295
3	1.00025048008992545	0.000560575728683576809	0.00000000000000000	-0.000280767781151683611	1.00199679869615754	0.00000000000000000	0.00440000000000000027	188.495559215399481	1.00221310419937959
4	1.00175079952560253	-0.000541541441968669329	0.00000000000000000	0.000270469217161949842	1.00084806658890302	0.00000000000000000	0.00440000000000000027	251.327412287199394	1.00071933618639264
5	1.00004717867098125	-0.00112633418764574475	0.00000000000000000	0.000564362917673396367	1.00216301296156063	0.00000000000000000	0.00440000000000000027	314.159265358998482	1.00236825938143514
6	1.00088195273995728	0.000549776970178614613	0.00000000000000000	-0.000275021548680686248	1.00151345945281678	0.00000000000000000	0.00440000000000000027	376.991118430797201	1.00156355834214716
7	1.00121354434734311	-0.00164396232154772888	0.00000000000000000	0.000821907446243974691	1.00127348548351280	0.00000000000000000	0.00440000000000000027	439.822971502597170	1.00118181488552493
8	0.999871243283774858	-0.000423027023088645877	0.00000000000000000	0.000212049803024889384	1.00233324559208326	0.00000000000000000	0.00440000000000000027	502.654824574397651	1.00241856531290918
9	1.00144974831542455	-0.000222148534326706282	0.00000000000000000	0.000111037111122587288	1.00110914866280676	0.00000000000000000	0.00440000000000000027	565.486677646194721	1.00088194874574010
10	1.00027610239219156	-0.00192840898099641100	0.00000000000000000	0.000965880645282795203	1.00201626258096077	0.00000000000000000	0.00440000000000000027	628.318530717997987	1.00199842520532201
11	1.00018986643257035	0.000129679986438454090	0.00000000000000000	-6.49457138844145368e-05	1.00210354991133932	0.00000000000000000	0.00440000000000000027	691.150383789797161	1.00201915329467228
12	1.00139996913550489	-0.00135856424578234959	0.00000000000000000	0.000679049508011502693	1.00118453280786279	0.00000000000000000	0.00440000000000000027	753.982236861595538	1.00077720608797782
13	0.999617694270820589	-0.00133099148496213047	0.00000000000000000	0.000667534846977411826	1.00256765695317029	0.00000000000000000	0.00440000000000000027	816.814089933400055	1.00247626493754316
14	1.00076091788062560	5.32940085396548316e-05	0.00000000000000000	-2.66553056016303677e-05	1.00168373384314924	0.00000000000000000	0.00440000000000000027	879.645943005203549	1.00135325058044811
15	1.00064417482931001	-0.00209844009326743373	0.00000000000000000	0.00105039749029691354	1.00179457435148556	0.00000000000000000	0.00440000000000000027	942.477796077000448	1.00138555208060231
16	0.999586709914599081	-0.000396521991819085459	0.00000000000000000	0.000198918553455832564	1.00263823529847906	0.00000000000000000	0.00440000000000000027	1005.30964914879769	1.00233354137754471
17	1.00114460142344353	-0.000671691597541824916	0.00000000000000000	0.000335931765406754287	1.00143192438421469	0.00000000000000000	0.00440000000000000027	1068.14150222059288	1.00080550817225511
18	0.999676897311787993	-0.00189328833104321229	0.00000000000000000	0.000949507142765227199	1.00257064911502014	0.00000000000000000	0.00440000000000000027	1130.97335529238944	1.00219786200704419
19	1.00002257009010731	0.000206646784191036326	0.00000000000000000	-0.000103550580913310507	1.00232291188302525	0.00000000000000000	0.00440000000000000027	1193.80520836419578	1.00179935575766765
20	1.00089212910542247	-0.00154457777646598536	0.00000000000000000	0.000772868907867566186	1.00166630559636549	0.00000000000000000	0.00440000000000000027	1256.63706143599507	1.00088817880573133
21	0.999176399927605985	-0.000887037789312353567	0.00000000000000000	0.000445316168638431632	1.00299831306857157	0.00000000000000000	0.00440000000000000027	1319.46891450778367	1.00252957379843011
22	1.00057662346366483	0.000119923293909558228	0.00000000000000000	-6.00232393524096144e-05	1.00191145439434615	0.00000000000000000	0.00440000000000000027	1382.30076757958909	1.00116774287527233
23	1.00005208126853007	-0.00184396526959664442	0.00000000000000000	0.000924182280822867519	1.00233626196132763	0.00000000000000000	0.00440000000000000027	1445.13262065138542	1.00160584046805856
24	0.999383731377518125	0.000224568875659738373	0.00000000000000000	-0.000112685924505010263	1.00287331042206307	0.00000000000000000	0.00440000000000000027	1507.96447372318198	1.00219878787755245
25	1.00084207555679905	-0.000514715681965832554	0.00000000000000000	0.000257594176102327044	1.00173893666794966	0.00000000000000000	0.00440000000000000027	1570.79632679497968	1.00078674006499857
26	0.999204162829648301	-0.00118495512597313873	0.00000000000000000	0.000594861849105250435	1.00300717080899759	0.00000000000000000	0.00440000000000000027	1633.62817986677214	1.00236480501504799
27	0.999989902590076363	0.000792373152286857466	0.00000000000000000	-0.000397182194407602260	1.00240950290574760	0.00000000000000000	0.00440000000000000027	1696.46003293857757	1.00156979728084572
28	1.00049042206946837	-0.00112824160023054874	0.00000000000000000	0.000565015372734539072	1.00203222842632922	0.00000000000000000	0.00440000000000000027	1759.29188601038345	1.00104782141761284
29	0.998978522086255483	8.64897251646006004e-05	0.00000000000000000	-4.34395868027185467e-05	1.00319865666207564	0.00000000000000000	0.00440000000000000027	1822.12373908217364	1.00252431425419175
30	1.00056140351595535	0.000609826596460183272	0.00000000000000000	-0.000305338717859894408	1.00196104553519350	0.00000000000000000	0.00440000000000000027	1884.95559215397293	1.00101874428572102
31	0.999688732904911781	-0.00107633159908222809	0.00000000000000000	0.000539851915361934734	1.00264918403450909	0.00000000000000000	0.00440000000000000027	1947.78744522577426	1.00183018458344186
32	0.999476819640402470	0.00117487242728646704	0.00000000000000000	-0.000589496106573926884	1.00282029262362826	0.00000000000000000	0.00440000000000000027	2010.61929829757037	1.00202301956757767
33	1.00075073313967344	-2.54596934133851163e-05	0.00000000000000000	1.27512674062656151e-05	1.00182071965942665	0.00000000000000000	0.00440000000000000027	2073.45115136936238	1.00082721224385107
34	0.999063299503257785	-0.000152080271646906975	0.00000000000000000	7.63729655841190701e-05	1.00312038517941371	0.00000000000000000	0.00440000000000000027	2136.28300444115166	1.00248894196259086
35	1.00025120109242049	0.00151174386400853688	0.00000000000000000	-0.000757383083520459140	1.00219973423674746	0.00000000000000000	0.00440000000000000027	2199.11485751294094	1.00134384291833811
36	1.00036052505223982	-0.000503551024752171318	0.00000000000000000	0.000252263954384486337	1.00211760991332710	0.00000000000000000	0.00440000000000000027	2261.94671058472841	1.00124185755910022
37	0.999156242811808926	0.00112954739164747688	0.00000000000000000	-0.000567043331788555111	1.00303464868946945	0.00000000000000000	0.00440000000000000027	2324.77856365653133	1.00246026516224607
38	1.00081462683696176	0.00107389065940183097	0.00000000000000000	-0.000537375251924819206	1.00173063520753169	0.00000000000000000	0.00440000000000000027	2387.61041672831971	1.00091711901475078
39	0.999654957530154209	-0.000280863356746995779	0.00000000000000000	0.000140913735107644784	1.00263413698721826	0.00000000000000000	0.00440000000000000027	2450.44226980012036	1.00204243887388000
40	0.999912881478092208	0.00194232565587092003	0.00000000000000000	-0.000973649131616833360	1.00242976575290177	0.00000000000000000	0.00440000000000000027	2513.27412287192919	1.00181568484494532
41	1.00090640240305428	0.000306798901031620462	0.00000000000000000	-0.000153454944666217563	1.00164171042254657	0.00000000000000000	0.00440000000000000027	2576.10597594373439	1.00092390403868348
42	0.999269960433553872	0.000675118687974289242	0.00000000000000000	-0.000338790909238696758	1.00289573212866401	0.00000000000000000	0.00440000000000000027	2638.93782901552868	1.00256237004394699
43	1.00077139117366465	0.00185789351432570551	0.00000000000000000	-0.000929750878983787469	1.00172638310082074	0.00000000000000000	0.00440000000000000027	2701.76968208733388	1.00113807071050709
44	1.00046968913116485	-0.000164870490345668703	0.00000000000000000	8.26012120413817039e-05	1.00195773576583491	0.00000000000000000	0.00440000000000000027	2764.60153515914590	1.00145876785099386
45	0.999632799648583092	0.00172924154462327255	0.00000000000000000	-0.000867033389415223718	1.00258336887123667	0.00000000000000000	0.00440000000000000027	2827.43338823093472	1.00234281746752840
46	1.00123247647359626	0.00105492932501596338	0.00000000000000000	-0.000527218945640591310	1.00132349882450700	0.00000000000000000	0.00440000000000000027	2890.26524130273947	1.00086979507494900
47	0.999844901613074710	8.28980979325454059e-05	0.00000000000000000	-4.13299627779924184e-05	1.00240067135955413	0.00000000000000000	0.00440000000000000027	2953.09709437454740	1.00222486200511973
48	1.00053364069438566	0.00209472789581925493	0.00000000000000000	-0.00104848668281783131	1.00185926239341994	0.00000000000000000	0.00440000000000000027	3015.92894744634486	1.00159574305720844
49	1.00115050850831433	0.000107517637150394193	0.00000000000000000	-5.35363794559799537e-05	1.00136258457936189	0.00000000000000000	0.00440000000000000027	3078.76080051813551	1.00107148243264632
50	0.999645057358253486	0.000920820087929743493	0.00000000000000000	-0.000461533422224833303	1.00251525198376834	0.00000000000000000	0.00440000000000000027	3141.59265358994207	1.00257990711834877
51	1.00133473024434649	0.00152490012269167630	0.00000000000000000	-0.000761994343694380460	1.00120359736090592	0.00000000000000000	0.00440000000000000027	3204.42450666174864	1.00096751094314196
52	1.00061570178402759	-0.000379506367537259248	0.00000000000000000	0.000190187993157852481	1.00175881591892901	0.00000000000000000	0.00440000000000000027	3267.25635973355520	1.00168356904161704
53	1.00016940121994202	0.00164374793839209936	0.00000000000000000	-0.000823206076666341616	1.00208407228382734	0.00000000000000000	0.00440000000000000027	3330.08821280533448	1.00218112158699069
54	1.00157111177291114	0.000396390384103265840	0.00000000000000000	-0.000197805911297439536	1.00098305548693323	0.00000000000000000	0.00440000000000000027	3392.92006587712740	1.00087989247183828
55	1.00002325182426310	-0.000122129163257717575	0.00000000000000000	6.14269145368167777e-05	1.00218822285142850	0.00000000000000000	0.00440000000000000027	3455.75191894892214	1.00237004261809637
56	1.00106967929924995	0.00155772193820013106	0.00000000000000000	-0.000778760216928247803	1.00137579401636545	0.00000000000000000	0.00440000000000000027	3518.58377202070415	1.00137146329873050
57	1.00123652313968603	-0.000627989507933209620	0.00000000000000000	0.000314165021413988731	1.00123202166132286	0.00000000000000000	0.00440000000000000027	3581.41562509250025	1.00125892181954512
58	0.999933840576753608	0.000598313250936251435	0.00000000000000000	-0.000299626892860662894	1.00223523424395689	0.00000000000000000	0.00440000000000000027	3644.24747816428180	1.00254066166618783
59	1.00167657537244903	0.000613197100327993530	0.00000000000000000	-0.000306066687113554226	1.00089250723005119	0.00000000000000000	0.00440000000000000027	3707.07933123609018	1.00084186840153100
60	1.00056683014276770	-0.00100895364531040964	0.00000000000000000	0.000505258903366931247	1.00175615281780894	0.00000000000000000	0.00440000000000000027	3769.91118430790266	1.00190337258798179
61	1.00051530315303028	0.00104813669891840977	0.00000000000000000	-0.000524468807227066380	1.00178487232047386	0.00000000000000000	0.00440000000000000027	3832.74303737970422	1.00198265076652770
62	1.00160324095368947	-0.000646226095698945692	0.00000000000000000	0.000323050106551692022	1.00093539217564209	0.00000000000000000	0.00440000000000000027	3895.57489045149305	1.00094651755138098
63	0.999985890843454572	-0.000629397681648215593	0.00000000000000000	0.000315622883577395055	1.00220344002269113	0.00000000000000000	0.00440000000000000027	3958.40674352329233	1.00246454749652480
64	1.00130665548897002	0.000659854616106080732	0.00000000000000000	-0.000329603523359244324	1.00118859782588054	0.00000000000000000	0.00440000000000000027	4021.23859659508980	1.00116307542883520
65	1.00099624103502238	-0.00152400230921478919	0.00000000000000000	0.000762448128994538022	1.00142064159047250	0.00000000000000000	0.00440000000000000027	4084.07044966688773	1.00147332322611837
66	0.999972598259382006	8.77716623682725863e-05	0.00000000000000000	-4.37548280331498743e-05	1.00221844381272462	0.00000000000000000	0.00440000000000000027	4146.90230273866109	1.00244659194749475
67	1.00164914851299014	-0.000430018065063060952	0.00000000000000000	0.000215040620545575104	1.00093711012156605	0.00000000000000000	0.00440000000000000027	4209.73415581044810	1.00076884382141640
68	1.00022216846888901	-0.00160066443318557326	0.00000000000000000	0.000802017164723422323	1.00205430944699336	0.00000000000000000	0.00440000000000000027	4272.56600888225694	1.00209970678326798
69	1.00056466393896804	0.000412944977796724823	0.00000000000000000	-0.000206480884476976240	1.00178712460622998	0.00000000000000000	0.00440000000000000027	4335.39786195404758	1.00176589459003984
70	1.00126705868116717	-0.00155930120352120068	0.00000000000000000	0.000779739118205464293	1.00124303117553981	0.00000000000000000	0.00440000000000000027	4398.22971502588734	1.00106371738122113
71	0.999699429298755882	-0.000950333566491021230	0.00000000000000000	0.000476752931969098674	1.00248148580346230	0.00000000000000000	0.00440000000000000027	4461.06156809770346	1.00250319900567497
72	1.00121640403601031	-7.89178565322639150e-05	0.00000000000000000	3.96892570247780671e-05	1.00132135897889030	0.00000000000000000	0.00440000000000000027	4523.89342116948319	1.00098228442064618
73	1.00045733143303139	-0.00206069096167386771	0.00000000000000000	0.00103202560391126865	1.00190534420876198	0.00000000000000000	0.00440000000000000027	4586.72527424128293	1.00170115561955297
74	0.999794217291501530	-0.000121782286162611803	0.00000000000000000	6.12786822202981626e-05	1.00243034904833928	0.00000000000000000	0.00440000000000000027	4649.55712731309359	1.00230395915900017
75	1.00131336288561457	-0.00109056986180665512	0.00000000000000000	0.000545414023616762333	1.00127572171115120	0.00000000000000000	0.00440000000000000027	4712.38898038486695	1.00075445671472041
76	0.999686707357918425	-0.00168389844921215410	0.00000000000000000	0.000844670033779506592	1.00255262859828864	0.00000000000000000	0.00440000000000000027	4775.22083345665851	1.00226193678150421
77	1.00041764317496629	0.000192032057346108731	0.00000000000000000	-9.59383591548892620e-05	1.00198686872566234	0.00000000000000000	0.00440000000000000027	4838.05268652843733	1.00154278022704468
78	1.00070948263321413	-0.00189436486054428942	0.00000000000000000	0.000948368716703368309	1.00176271351109514	0.00000000000000000	0.00440000000000000027	4900.88453960021252	1.00122575569496730
79	0.999327136198878030	-0.000703509731656907535	0.00000000000000000	0.000353279424387471959	1.00286011210836223	0.00000000000000000	0.00440000000000000027	4963.71639267201681	1.00248287865526287
80	1.00096688286178104	-0.000281293945465912326	0.00000000000000000	0.000140960081584915776	1.00160382002089343	0.00000000000000000	0.00440000000000000027	5026.54824574382747	1.00084160826481328
81	0.999833843944157197	-0.00190835336909937758	0.00000000000000000	0.000957023665104941162	1.00247725552417477	0.00000000000000000	0.00440000000000000027	5089.38009881562721	1.00192472417434653
82	0.999602729086175201	0.000237851083346405593	0.00000000000000000	-0.000119070359491918638	1.00266455769462448	0.00000000000000000	0.00440000000000000027	5152.21195188744514	1.00212163758922501
83	1.00089608918589268	-0.00111122896017255314	0.00000000000000000	0.000556264926286371281	1.00168269416664457	0.00000000000000000	0.00440000000000000027	5215.04380495924579	1.00079888020260199
84	0.999210622275027105	-0.00108246452324849097	0.00000000000000000	0.000543629813457202106	1.00300344838888655	0.00000000000000000	0.00440000000000000027	5277.87565803106372	1.00238018766658721
85	1.00030568452938562	0.000524534558922590613	0.00000000000000000	-0.000262519854464401264	1.00214899442754168	0.00000000000000000	0.00440000000000000027	5340.70751110283618	1.00132885499573221
86	1.00019473152767069	-0.00155031686437955138	0.00000000000000000	0.000777033979516419254	1.00223355481768350	0.00000000000000000	0.00440000000000000027	5403.53936417463046	1.00142235891136400
87	0.999123704015419611	0.000124872210104299674	0.00000000000000000	-6.24692937354026472e-05	1.00308309131080797	0.00000000000000000	0.00440000000000000027	5466.37121724640383	1.00240444118863858
88	1.00080490259988508	4.88806124834444480e-05	0.00000000000000000	-2.42156948615274321e-05	1.00178714054289175	0.00000000000000000	0.00440000000000000027	5529.20307031820994	1.00075111533632910
89	0.999395396161245508	-0.00114075888100187298	0.00000000000000000	0.000572716304691587956	1.00286921873030077	0.00000000000000000	0.00440000000000000027	5592.03492339001332	1.00213541540006412
90	0.999634048345308779	0.00103055725032147869	0.00000000000000000	-0.000516679721022379962	1.00268121382110253	0.00000000000000000	0.00440000000000000027	5654.86677646182125	1.00191225732564493
91	1.00064148731563729	-0.000647584636546593741	0.00000000000000000	0.000324487546566652870	1.00191434546575531	0.00000000000000000	0.00440000000000000027	5717.69862953359279	1.00090065748584167
92	0.999032621204240190	-3.79126359626100196e-05	0.00000000000000000	1.93115176244044312e-05	1.00316752452004510	0.00000000000000000	0.00440000000000000027	5780.53048260537525	1.00244452176332599
93	1.00043129167578071	0.00114486294127498500	0.00000000000000000	-0.000573119283222728662	1.00206695424442893	0.00000000000000000	0.00440000000000000027	5843.36233567717136	1.00113797896394585
94	0.999938645353925071	-0.000831659365176388586	0.00000000000000000	0.000417183391037239488	1.00244109388297931	0.00000000000000000	0.00440000000000000027	5906.19418874897565	1.00163900202409861
95	0.999268524575564698	0.00115990658163397909	0.00000000000000000	-0.000581946354357488409	1.00296800529768682	0.00000000000000000	0.00440000000000000027	5969.02604182077903	1.00227309857035518
96	1.00088977165574988	0.000538220797126424608	0.00000000000000000	-0.000269054716284574530	1.00171000609352823	0.00000000000000000	0.00440000000000000027	6031.85789489256695	1.00071720070312753
97	0.999300875483218332	-0.000189263054393088836	0.00000000000000000	9.52629396759716203e-05	1.00292313036849245	0.00000000000000000	0.00440000000000000027	6094.68974796439852	1.00231363533043827
98	0.999995154424119903	0.00179774564732208819	0.00000000000000000	-0.000900812759229642230	1.00236981054347463	0.00000000000000000	0.00440000000000000027	6157.52160103624192	1.00169000643966744
99	1.00065428361003628	-0.000155716330673712558	0.00000000000000000	7.82226388358281746e-05	1.00186655993036400	0.00000000000000000	0.00440000000000000027	6220.35345410804894	1.00104959397895854
100	0.999229779325423340	0.000937581409657766308	0.00000000000000000	-0.000470363209528384778	1.00296742775810666	0.00000000000000000	0.00440000000000000027	6283.18530717988142	1.00245170499450942
