0	1.00000000000000000	0.00000000000000000	0.00000000000000000	-0.00000000000000000	1.00049987506246096	0.00000000000000000	0.00100000000000000002	0.00000000000000000	1.00049987506246096
1	0.999999999999723443	-2.19269047363468417e-15	0.00000000000000000	6.37337405073878926e-15	1.00049987506260285	0.00000000000000000	0.00100000000000000002	62.8318530717999764	1.00049987506287974
2	0.999999999999400702	-5.92581539393677303e-15	0.00000000000000000	1.03072064772113947e-13	1.00049987506275651	0.00000000000000000	0.00100000000000000002	125.663706143599512	1.00049987506335625
3	0.999999999999035438	-6.21377949094892301e-15	0.00000000000000000	1.32949207198862496e-13	1.00049987506293814	0.00000000000000000	0.00100000000000000002	188.495559215399425	1.00049987506390559
4	0.999999999998723244	-5.99693905645182213e-15	0.00000000000000000	1.38236644353639804e-13	1.00049987506308269	0.00000000000000000	0.00100000000000000002	251.327412287198882	1.00049987506436189
5	0.999999999998347766	-6.13745165800594350e-15	0.00000000000000000	1.40863015696268690e-13	1.00049987506325677	0.00000000000000000	0.00100000000000000002	314.159265358999619	1.00049987506491300
6	0.999999999997974731	-6.13750586811456778e-15	0.00000000000000000	1.31432516779772524e-13	1.00049987506344462	0.00000000000000000	0.00100000000000000002	376.991118430800043	1.00049987506547122
7	0.999999999997439493	-5.96701507649122220e-15	0.00000000000000000	1.56974259979403286e-13	1.00049987506376215	0.00000000000000000	0.00100000000000000002	439.822971502599842	1.00049987506632476
8	0.999999999997109090	-6.01168420599762499e-15	0.00000000000000000	1.80652368064748714e-13	1.00049987506391758	0.00000000000000000	0.00100000000000000002	502.654824574400664	1.00049987506681104
9	0.999999999996717848	-6.01255156773561339e-15	0.00000000000000000	1.81283373729135278e-13	1.00049987506411342	0.00000000000000000	0.00100000000000000002	565.486677646200633	1.00049987506739724
10	0.999999999996254996	-6.16179199677824307e-15	0.00000000000000000	1.61749140557138071e-13	1.00049987506435456	0.00000000000000000	0.00100000000000000002	628.318530718000829	1.00049987506810156
11	0.999999999995779820	-5.77662917500276762e-15	0.00000000000000000	1.38264399929255433e-13	1.00049987506458971	0.00000000000000000	0.00100000000000000002	691.150383789799434	1.00049987506881433
12	0.999999999995359823	-5.68642355425197366e-15	0.00000000000000000	1.51329469788574755e-13	1.00049987506481264	0.00000000000000000	0.00100000000000000002	753.982236861601677	1.00049987506945581
13	0.999999999994896305	-5.76969028109886040e-15	0.00000000000000000	1.13041520588552658e-13	1.00049987506503135	0.00000000000000000	0.00100000000000000002	816.814089933400624	1.00049987507014038
14	0.999999999994437894	-5.77836389847874443e-15	0.00000000000000000	1.18106913138404934e-13	1.00049987506524363	0.00000000000000000	0.00100000000000000002	879.645943005198319	1.00049987507081006
15	0.999999999993919197	-5.96050986345630918e-15	0.00000000000000000	1.35114142096881551e-13	1.00049987506551985	0.00000000000000000	0.00100000000000000002	942.477796076998743	1.00049987507160498
16	0.999999999993336441	-5.92234594698481942e-15	0.00000000000000000	9.02047533890559805e-14	1.00049987506580984	0.00000000000000000	0.00100000000000000002	1005.30964914879917	1.00049987507247695
17	0.999999999992832622	-5.98479599211998448e-15	0.00000000000000000	1.07386322056868266e-13	1.00049987506602900	0.00000000000000000	0.00100000000000000002	1068.14150222060061	1.00049987507320148
18	0.999999999992354782	-5.87811049834741084e-15	0.00000000000000000	7.57657825367630267e-14	1.00049987506623062	0.00000000000000000	0.00100000000000000002	1130.97335529240036	1.00049987507388050
19	0.999999999991687316	-5.89805981832114412e-15	0.00000000000000000	9.40632120804973937e-14	1.00049987506656923	0.00000000000000000	0.00100000000000000002	1193.80520836419987	1.00049987507488636
20	0.999999999991109778	-5.90586607396303975e-15	0.00000000000000000	8.30906524140750946e-14	1.00049987506686056	0.00000000000000000	0.00100000000000000002	1256.63706143599529	1.00049987507575588
21	0.999999999990438537	-6.31092400560362421e-15	0.00000000000000000	9.56127538254136766e-14	1.00049987506718008	0.00000000000000000	0.00100000000000000002	1319.46891450778890	1.00049987507674731
22	0.999999999989643951	-6.58674503828393654e-15	0.00000000000000000	1.27361662882741200e-13	1.00049987506758908	0.00000000000000000	0.00100000000000000002	1382.30076757958795	1.00049987507795213
23	0.999999999988870791	-6.95624113866699645e-15	0.00000000000000000	1.52986998069870594e-13	1.00049987506797189	0.00000000000000000	0.00100000000000000002	1445.13262065138883	1.00049987507910898
24	0.999999999988004373	-7.08114122893732656e-15	0.00000000000000000	1.25834238862143621e-13	1.00049987506841243	0.00000000000000000	0.00100000000000000002	1507.96447372319108	1.00049987508041482
25	0.999999999987124299	-6.98052726733067175e-15	0.00000000000000000	1.54693640709580027e-13	1.00049987506887117	0.00000000000000000	0.00100000000000000002	1570.79632679499446	1.00049987508175331
26	0.999999999986186161	-6.80358547278103742e-15	0.00000000000000000	1.37806432931597556e-13	1.00049987506934435	0.00000000000000000	0.00100000000000000002	1633.62817986679579	1.00049987508316796
27	0.999999999985203947	-6.63705201908726394e-15	0.00000000000000000	1.56142460072672407e-13	1.00049987506984683	0.00000000000000000	0.00100000000000000002	1696.46003293859781	1.00049987508465366
28	0.999999999984221399	-6.59541865566382057e-15	0.00000000000000000	1.60340490884536280e-13	1.00049987507033822	0.00000000000000000	0.00100000000000000002	1759.29188601039709	1.00049987508612737
29	0.999999999983163579	-6.71338324016203247e-15	0.00000000000000000	1.69444038471524075e-13	1.00049987507087756	0.00000000000000000	0.00100000000000000002	1822.12373908219683	1.00049987508772253
30	0.999999999982150944	-6.73072708679001153e-15	0.00000000000000000	1.85281043979523830e-13	1.00049987507138982	0.00000000000000000	0.00100000000000000002	1884.95559215399680	1.00049987508924798
31	0.999999999981148080	-6.51388665229291064e-15	0.00000000000000000	1.47430678776316881e-13	1.00049987507188520	0.00000000000000000	0.00100000000000000002	1947.78744522580200	1.00049987509074856
32	0.999999999980057064	-6.74113542764587237e-15	0.00000000000000000	1.18016707517654140e-13	1.00049987507246763	0.00000000000000000	0.00100000000000000002	2010.61929829760038	1.00049987509242300
33	0.999999999979004905	-6.73419653374196514e-15	0.00000000000000000	1.22471477403962581e-13	1.00049987507300941	0.00000000000000000	0.00100000000000000002	2073.45115136940331	1.00049987509401839
34	0.999999999978094301	-6.72725763983805791e-15	0.00000000000000000	1.18412224470176852e-13	1.00049987507347726	0.00000000000000000	0.00100000000000000002	2136.28300444120714	1.00049987509539706
35	0.999999999977249199	-6.64442459386016537e-15	0.00000000000000000	7.60845379754737650e-14	1.00049987507391802	0.00000000000000000	0.00100000000000000002	2199.11485751301552	1.00049987509668092
36	0.999999999976319276	-6.91851090306450089e-15	0.00000000000000000	1.48045638248550659e-13	1.00049987507442206	0.00000000000000000	0.00100000000000000002	2261.94671058481617	1.00049987509811467
37	0.999999999975502707	-6.83827994230057357e-15	0.00000000000000000	1.56177154542191943e-13	1.00049987507483529	0.00000000000000000	0.00100000000000000002	2324.77856365661592	1.00049987509934657
38	0.999999999974675480	-6.87817858224804013e-15	0.00000000000000000	1.73760311694692859e-13	1.00049987507526628	0.00000000000000000	0.00100000000000000002	2387.61041672841520	1.00049987510060556
39	0.999999999973979814	-7.12624403931272354e-15	0.00000000000000000	2.73244968318486769e-13	1.00049987507559446	0.00000000000000000	0.00100000000000000002	2450.44226980020585	1.00049987510162830
40	0.999999999973131382	-7.11236625150490909e-15	0.00000000000000000	2.57217858123937049e-13	1.00049987507602434	0.00000000000000000	0.00100000000000000002	2513.27412287200605	1.00049987510291194
41	0.999999999972361553	-7.04644675941779042e-15	0.00000000000000000	3.28299887275562696e-13	1.00049987507640181	0.00000000000000000	0.00100000000000000002	2576.10597594380533	1.00049987510405947
42	0.999999999971598941	-6.61970478432749587e-15	0.00000000000000000	3.18601048321376368e-13	1.00049987507675575	0.00000000000000000	0.00100000000000000002	2638.93782901559734	1.00049987510517324
43	0.999999999970727527	-6.60235754956772780e-15	0.00000000000000000	3.02831652983226451e-13	1.00049987507718630	0.00000000000000000	0.00100000000000000002	2701.76968208739891	1.00049987510647354
44	0.999999999969847009	-6.89726054048378501e-15	0.00000000000000000	2.59573612604313553e-13	1.00049987507762039	0.00000000000000000	0.00100000000000000002	2764.60153515919228	1.00049987510779381
45	0.999999999968962938	-6.79664657887713020e-15	0.00000000000000000	2.58794721763599966e-13	1.00049987507807159	0.00000000000000000	0.00100000000000000002	2827.43338823099839	1.00049987510912630
46	0.999999999968054443	-6.68215482946266093e-15	0.00000000000000000	2.53859433474445950e-13	1.00049987507853122	0.00000000000000000	0.00100000000000000002	2890.26524130279131	1.00049987511050076
47	0.999999999967097541	-6.75501321545368683e-15	0.00000000000000000	2.35568509143746496e-13	1.00049987507901106	0.00000000000000000	0.00100000000000000002	2953.09709437459514	1.00049987511193561
48	0.999999999966132203	-6.89032164657987778e-15	0.00000000000000000	2.64257365989450932e-13	1.00049987507949290	0.00000000000000000	0.00100000000000000002	3015.92894744638579	1.00049987511338268
49	0.999999999965138886	-6.72031874593415068e-15	0.00000000000000000	2.82537881979294525e-13	1.00049987507998472	0.00000000000000000	0.00100000000000000002	3078.76080051818190	1.00049987511486860
50	0.999999999964128694	-6.68562427641461454e-15	0.00000000000000000	2.92068452756311103e-13	1.00049987508049387	0.00000000000000000	0.00100000000000000002	3141.59265358997800	1.00049987511639138
51	0.999999999963137487	-6.76542155630954767e-15	0.00000000000000000	2.89976376244283074e-13	1.00049987508096883	0.00000000000000000	0.00100000000000000002	3204.42450666178320	1.00049987511785865
52	0.999999999962199126	-6.68562427641461454e-15	0.00000000000000000	2.70259509216330684e-13	1.00049987508141913	0.00000000000000000	0.00100000000000000002	3267.25635973357566	1.00049987511924421
53	0.999999999961186603	-6.68909372336656816e-15	0.00000000000000000	2.28466551233097448e-13	1.00049987508193383	0.00000000000000000	0.00100000000000000002	3330.08821280536176	1.00049987512077210
54	0.999999999960114017	-6.63705201908726394e-15	0.00000000000000000	2.37181801976404927e-13	1.00049987508246740	0.00000000000000000	0.00100000000000000002	3392.92006587716833	1.00049987512237704
55	0.999999999959106156	-6.60235754956772780e-15	0.00000000000000000	2.34541552845968226e-13	1.00049987508297789	0.00000000000000000	0.00100000000000000002	3455.75191894896898	1.00049987512389849
56	0.999999999958058328	-6.70644095812633623e-15	0.00000000000000000	3.07830150259036373e-13	1.00049987508349703	0.00000000000000000	0.00100000000000000002	3518.58377202077736	1.00049987512546612
57	0.999999999956958985	-6.59021448523589015e-15	0.00000000000000000	3.18710335900362907e-13	1.00049987508403371	0.00000000000000000	0.00100000000000000002	3581.41562509258893	1.00049987512710081
58	0.999999999955870633	-6.56072418614428443e-15	0.00000000000000000	2.85035883784701127e-13	1.00049987508457572	0.00000000000000000	0.00100000000000000002	3644.24747816439367	1.00049987512873395
59	0.999999999954790386	-6.56506099483422645e-15	0.00000000000000000	2.81282809544425305e-13	1.00049987508510951	0.00000000000000000	0.00100000000000000002	3707.07933123619932	1.00049987513034355
60	0.999999999953647634	-6.53296861052865552e-15	0.00000000000000000	2.72518119182052487e-13	1.00049987508572125	0.00000000000000000	0.00100000000000000002	3769.91118430799861	1.00049987513210215
61	0.999999999952522201	-6.52256026967279467e-15	0.00000000000000000	3.30679927884602876e-13	1.00049987508631077	0.00000000000000000	0.00100000000000000002	3832.74303737980426	1.00049987513382055
62	0.999999999951487029	-6.61363325216157705e-15	0.00000000000000000	3.44236791849361623e-13	1.00049987508680838	0.00000000000000000	0.00100000000000000002	3895.57489045160901	1.00049987513534755
63	0.999999999950372920	-6.48439635320130492e-15	0.00000000000000000	3.67244429311242016e-13	1.00049987508735372	0.00000000000000000	0.00100000000000000002	3958.40674352340784	1.00049987513701266
64	0.999999999949299778	-6.58501031480795973e-15	0.00000000000000000	3.49819131995054988e-13	1.00049987508787486	0.00000000000000000	0.00100000000000000002	4021.23859659520531	1.00049987513860561
65	0.999999999948098184	-6.58501031480795973e-15	0.00000000000000000	3.73704539535779645e-13	1.00049987508850280	0.00000000000000000	0.00100000000000000002	4084.07044966700187	1.00049987514043370
66	0.999999999946939111	-6.53296861052865552e-15	0.00000000000000000	3.73218816962506139e-13	1.00049987508908944	0.00000000000000000	0.00100000000000000002	4146.90230273879843	1.00049987514218430
67	0.999999999945805018	-6.56072418614428443e-15	0.00000000000000000	3.87358548015193094e-13	1.00049987508965010	0.00000000000000000	0.00100000000000000002	4209.73415581061454	1.00049987514387806
68	0.999999999944662932	-6.55812210093031922e-15	0.00000000000000000	4.31907114240015488e-13	1.00049987509020233	0.00000000000000000	0.00100000000000000002	4272.56600888243247	1.00049987514556915
69	0.999999999943611328	-6.51562137576888745e-15	0.00000000000000000	4.82208023511176975e-13	1.00049987509070104	0.00000000000000000	0.00100000000000000002	4335.39786195421584	1.00049987514712546
70	0.999999999942410622	-6.48439635320130492e-15	0.00000000000000000	4.66647553931665016e-13	1.00049987509130411	0.00000000000000000	0.00100000000000000002	4398.22971502604742	1.00049987514893535
71	0.999999999941160178	-6.56592835657221485e-15	0.00000000000000000	4.50604831225831504e-13	1.00049987509194560	0.00000000000000000	0.00100000000000000002	4461.06156809783988	1.00049987515081829
72	0.999999999939900963	-6.49220260884320055e-15	0.00000000000000000	4.80876623243364776e-13	1.00049987509258864	0.00000000000000000	0.00100000000000000002	4523.89342116964781	1.00049987515272076
73	0.999999999938679829	-6.47051856539349046e-15	0.00000000000000000	5.05918223980827975e-13	1.00049987509320082	0.00000000000000000	0.00100000000000000002	4586.72527424144209	1.00049987515456174
74	0.999999999937486450	-6.44970188368176878e-15	0.00000000000000000	5.16836573538625998e-13	1.00049987509377525	0.00000000000000000	0.00100000000000000002	4649.55712731325821	1.00049987515633454
75	0.999999999936220241	-6.47051856539349046e-15	0.00000000000000000	5.19199266912906410e-13	1.00049987509440297	0.00000000000000000	0.00100000000000000002	4712.38898038506341	1.00049987515822658
76	0.999999999934930495	-6.56072418614428443e-15	0.00000000000000000	4.86437279345608431e-13	1.00049987509505023	0.00000000000000000	0.00100000000000000002	4775.22083345684132	1.00049987516016436
77	0.999999999933618988	-6.49133524710521215e-15	0.00000000000000000	5.12059145085785872e-13	1.00049987509571525	0.00000000000000000	0.00100000000000000002	4838.05268652863015	1.00049987516214278
78	0.999999999932356221	-6.47745745929739769e-15	0.00000000000000000	5.52835555112096699e-13	1.00049987509634386	0.00000000000000000	0.00100000000000000002	4900.88453960043080	1.00049987516403283
79	0.999999999931077577	-6.46704911844153685e-15	0.00000000000000000	5.88942089541077962e-13	1.00049987509696425	0.00000000000000000	0.00100000000000000002	4963.71639267225237	1.00049987516593220
80	0.999999999929777283	-6.46704911844153685e-15	0.00000000000000000	5.66369867671667748e-13	1.00049987509758265	0.00000000000000000	0.00100000000000000002	5026.54824574406121	1.00049987516785222
81	0.999999999928395056	-6.47398801234544408e-15	0.00000000000000000	5.44984196659825670e-13	1.00049987509826321	0.00000000000000000	0.00100000000000000002	5089.38009881588096	1.00049987516991412
82	0.999999999927007166	-6.51648873750687585e-15	0.00000000000000000	5.24634155563141746e-13	1.00049987509896043	0.00000000000000000	0.00100000000000000002	5152.21195188767706	1.00049987517199201
83	0.999999999925638594	-6.46704911844153685e-15	0.00000000000000000	5.68638885978245412e-13	1.00049987509961968	0.00000000000000000	0.00100000000000000002	5215.04380495949135	1.00049987517402927
84	0.999999999924140792	-6.46704911844153685e-15	0.00000000000000000	5.89868431877249577e-13	1.00049987510034422	0.00000000000000000	0.00100000000000000002	5277.87565803128746	1.00049987517625261
85	0.999999999922709604	-6.46704911844153685e-15	0.00000000000000000	5.56825419106843356e-13	1.00049987510103100	0.00000000000000000	0.00100000000000000002	5340.70751110308265	1.00049987517837113
86	0.999999999921173943	-6.46357967148958323e-15	0.00000000000000000	5.17266784960668247e-13	1.00049987510179061	0.00000000000000000	0.00100000000000000002	5403.53936417487330	1.00049987518066663
87	0.999999999919640392	-6.46704911844153685e-15	0.00000000000000000	5.07045794240212899e-13	1.00049987510256777	0.00000000000000000	0.00100000000000000002	5466.37121724666486	1.00049987518297723
88	0.999999999918116722	-6.47398801234544408e-15	0.00000000000000000	4.84869089323325397e-13	1.00049987510332605	0.00000000000000000	0.00100000000000000002	5529.20307031846187	1.00049987518525985
89	0.999999999916667992	-6.47398801234544408e-15	0.00000000000000000	4.73558692259956615e-13	1.00049987510401839	0.00000000000000000	0.00100000000000000002	5592.03492339023160	1.00049987518740147
90	0.999999999915208049	-6.46704911844153685e-15	0.00000000000000000	4.83342532664465807e-13	1.00049987510473959	0.00000000000000000	0.00100000000000000002	5654.86677646203134	1.00049987518958305
91	0.999999999913736004	-6.47398801234544408e-15	0.00000000000000000	4.67494098987941697e-13	1.00049987510546634	0.00000000000000000	0.00100000000000000002	5717.69862953383017	1.00049987519178307
92	0.999999999912296045	-6.47051856539349046e-15	0.00000000000000000	4.61540528018389296e-13	1.00049987510617910	0.00000000000000000	0.00100000000000000002	5780.53048260561718	1.00049987519393624
93	0.999999999910785475	-6.46011022453762962e-15	0.00000000000000000	4.41129771600046183e-13	1.00049987510691651	0.00000000000000000	0.00100000000000000002	5843.36233567741874	1.00049987519618466
94	0.999999999909239601	-6.47745745929739769e-15	0.00000000000000000	4.17492429516386210e-13	1.00049987510768168	0.00000000000000000	0.00100000000000000002	5906.19418874922212	1.00049987519849592
95	0.999999999907767778	-6.48092690624935130e-15	0.00000000000000000	4.10390471605737162e-13	1.00049987510840444	0.00000000000000000	0.00100000000000000002	5969.02604182101277	1.00049987520069061
96	0.999999999906313275	-6.46357967148958323e-15	0.00000000000000000	4.09568212678124155e-13	1.00049987510911920	0.00000000000000000	0.00100000000000000002	6031.85789489279705	1.00049987520286021
97	0.999999999904774284	-6.45664077758567601e-15	0.00000000000000000	4.12996026266654326e-13	1.00049987510989347	0.00000000000000000	0.00100000000000000002	6094.68974796460407	1.00049987520517480
98	0.999999999903323888	-6.46357967148958323e-15	0.00000000000000000	3.99565797115641885e-13	1.00049987511061333	0.00000000000000000	0.00100000000000000002	6157.52160103639017	1.00049987520734573
99	0.999999999901874159	-6.47398801234544408e-15	0.00000000000000000	3.82825715572465697e-13	1.00049987511132876	0.00000000000000000	0.00100000000000000002	6220.35345410820264	1.00049987520951134
100	0.999999999900373360	-6.46704911844153685e-15	0.00000000000000000	3.41834199835133745e-13	1.00049987511207306	0.00000000000000000	0.00100000000000000002	6283.18530718000147	1.00049987521175621
