0	1.00000000000000000	0.00000000000000000	0.00000000000000000	-0.00000000000000000	1.00219758530940384	0.00000000000000000	0.00440000000000000027	0.00000000000000000	1.00219758530940428
1	0.999990039305057921	0.000332761739164285654	0.00000000000000000	-0.000166750423326906313	1.00220847578901195	0.00000000000000000	0.00440000000000000027	62.8318530717999764	1.00388235240234835
2	0.999960263418813167	0.000660888429005028217	0.00000000000000000	-0.000331200926346727435	1.00224104375194822	0.00000000000000000	0.00440000000000000027	125.663706143599299	1.00386907900909805
3	0.999910990025868140	0.000979787905789762832	0.00000000000000000	-0.000491074241620873680	1.00229497946901169	0.00000000000000000	0.00440000000000000027	188.495559215399140	1.00384755929961189
4	0.999842745597013138	0.00128493629785212619	0.00000000000000000	-0.000644121086928849639	1.00236976906186315	0.00000000000000000	0.00440000000000000027	251.327412287200247	1.00381655341880149
5	0.999756260904803740	0.00157192299683103732	0.00000000000000000	-0.000788145500489934297	1.00246469799713878	0.00000000000000000	0.00440000000000000027	314.159265359000472	1.00377928030658947
6	0.999652464801414786	0.00183649052704989036	0.00000000000000000	-0.000921025650272231690	1.00257885596405827	0.00000000000000000	0.00440000000000000027	376.991118430798338	1.00373050891038496
7	0.999532476338197640	0.00207456514191357898	0.00000000000000000	-0.00104072611556640330	1.00271114313265786	0.00000000000000000	0.00440000000000000027	439.822971502600751	1.00367529119544296
8	0.999397595332656707	0.00228227209986771231	0.00000000000000000	-0.00114529572763147000	1.00286027778879316	0.00000000000000000	0.00440000000000000027	502.654824574400664	1.00360957636316850
9	0.999249291329288081	0.00245600029917625870	0.00000000000000000	-0.00123291601910250834	1.00302480525231696	0.00000000000000000	0.00440000000000000027	565.486677646199951	1.00354141765173743
10	0.999089191245785657	0.00259241994222036932	0.00000000000000000	-0.00130190380960761324	1.00320310814275748	0.00000000000000000	0.00440000000000000027	628.318530718001739	1.00346043869393253
11	0.998919065824496522	0.00268847306909471024	0.00000000000000000	-0.00135068788539710171	1.00339341795852688	0.00000000000000000	0.00440000000000000027	691.150383789802163	1.00336942013102881
12	0.998740814558325196	0.00274150420241708057	0.00000000000000000	-0.00137792786171874815	1.00359382769414540	0.00000000000000000	0.00440000000000000027	753.982236861603155	1.00327527266028205
13	0.998556450226740000	0.00274915154885351648	0.00000000000000000	-0.00138239414992130140	1.00380230594650444	0.00000000000000000	0.00440000000000000027	816.814089933403579	1.00316888022746387
14	0.998368082021251380	0.00270944212360236820	0.00000000000000000	-0.00136305432844729350	1.00401671185913144	0.00000000000000000	0.00440000000000000027	879.645943005200365	1.00305930777257268
15	0.998177898140881426	0.00262080974816819145	0.00000000000000000	-0.00131908377763656753	1.00423481120035074	0.00000000000000000	0.00440000000000000027	942.477796076999653	1.00293751619831761
16	0.997988147895211175	0.00248208375008079039	0.00000000000000000	-0.00124984854252435489	1.00445429342965320	0.00000000000000000	0.00440000000000000027	1005.30964914880269	1.00281242146846861
17	0.997801123275072754	0.00229251752596350451	0.00000000000000000	-0.00115492999268283075	1.00467278955712858	0.00000000000000000	0.00440000000000000027	1068.14150222061244	1.00268615111148218
18	0.997619140311447161	0.00205179802852785073	0.00000000000000000	-0.00103413202298273561	1.00488789076596352	0.00000000000000000	0.00440000000000000027	1130.97335529241172	1.00254007067945872
19	0.997444520350513564	0.00176003982964510622	0.00000000000000000	-0.000887474401627436245	1.00509716766464452	0.00000000000000000	0.00440000000000000027	1193.80520836421010	1.00239675113232929
20	0.997279571319689362	0.00141779771352552051	0.00000000000000000	-0.000715206417774993551	1.00529818999045584	0.00000000000000000	0.00440000000000000027	1256.63706143600803	1.00224614480083196
21	0.997126569219163317	0.00102605396461563202	0.00000000000000000	-0.000517796624833711736	1.00548854666238330	0.00000000000000000	0.00440000000000000027	1319.46891450780913	1.00208441063373077
22	0.996987739893258396	0.000586226750275962907	0.00000000000000000	-0.000295945361803535197	1.00566586597811369	0.00000000000000000	0.00440000000000000027	1382.30076757961069	1.00191872953986816
23	0.996865241288178217	0.000100151606596324098	0.00000000000000000	-5.05716048600716572e-05	1.00582783582259649	0.00000000000000000	0.00440000000000000027	1445.13262065141453	1.00175114149815370
24	0.996761146262314823	-0.000429923620286544374	0.00000000000000000	0.000217185261595586991	1.00597222367716577	0.00000000000000000	0.00440000000000000027	1507.96447372320881	1.00157732621300455
25	0.996677426091658769	-0.00100135672035200126	0.00000000000000000	0.000505975404563986132	1.00609689625845977	0.00000000000000000	0.00440000000000000027	1570.79632679501742	1.00138890560443716
26	0.996615934767544953	-0.00161112565381239803	0.00000000000000000	0.000814243888692046253	1.00619983858936313	0.00000000000000000	0.00440000000000000027	1633.62817986681353	1.00119957983432495
27	0.996578394175859250	-0.00225585395263541624	0.00000000000000000	0.00114024591394574874	1.00627917230574715	0.00000000000000000	0.00440000000000000027	1696.46003293861349	1.00100857483343764
28	0.996566380256189488	-0.00293183096090514610	0.00000000000000000	0.00148205586015128172	1.00633317301256864	0.00000000000000000	0.00440000000000000027	1759.29188601041483	1.00081613004095682
29	0.996581310213429661	-0.00363503817011215456	0.00000000000000000	0.00183758159235769070	1.00636028649889009	0.00000000000000000	0.00440000000000000027	1822.12373908222298	1.00061834997519905
30	0.996624430840913123	-0.00436118006436107906	0.00000000000000000	0.00220458251578624365	1.00635914362673229	0.00000000000000000	0.00440000000000000027	1884.95559215401227	1.00041088212635998
31	0.996696808046379945	-0.00510571145615595218	0.00000000000000000	0.00258068336786428966	1.00632857373916229	0.00000000000000000	0.00440000000000000027	1947.78744522581428	1.00021381241910645
32	0.996799317592598655	-0.00586387275811439766	0.00000000000000000	0.00296339538236901467	1.00626761641322982	0.00000000000000000	0.00440000000000000027	2010.61929829760584	0.999994582982154046
33	0.996932637254471121	-0.00663070523894996114	0.00000000000000000	0.00335011668543766907	1.00617553149660632	0.00000000000000000	0.00440000000000000027	2073.45115136941013	0.999791652542432185
34	0.997097239679417768	-0.00740116275569260330	0.00000000000000000	0.00373822957110379710	1.00605180693143970	0.00000000000000000	0.00440000000000000027	2136.28300444120259	0.999581220996819120
35	0.997293387790979757	-0.00817003662959614810	0.00000000000000000	0.00412500873575485927	1.00589616518299896	0.00000000000000000	0.00440000000000000027	2199.11485751298324	0.999360369802614890
36	0.997521130432438619	-0.00893206654490653201	0.00000000000000000	0.00450771692314510392	1.00570856702366740	0.00000000000000000	0.00440000000000000027	2261.94671058479616	0.999149262576878860
37	0.997780299943133775	-0.00968196281418733790	0.00000000000000000	0.00488361078763119901	1.00548921347205389	0.00000000000000000	0.00440000000000000027	2324.77856365659363	0.998922618994876554
38	0.998070511027055018	-0.0104144479619799665	0.00000000000000000	0.00524996600666876798	1.00523854553752523	0.00000000000000000	0.00440000000000000027	2387.61041672840247	0.998713302916615087
39	0.998391161245377412	-0.0111242796627408526	0.00000000000000000	0.00560408343192776888	1.00495724194006630	0.00000000000000000	0.00440000000000000027	2450.44226980020221	0.998486040590680690
40	0.998741432328522971	-0.0118063307557869958	0.00000000000000000	0.00594335259727653623	1.00464621443428781	0.00000000000000000	0.00440000000000000027	2513.27412287199058	0.998271614134374707
41	0.999120293971952567	-0.0124555709734814855	0.00000000000000000	0.00626521621122253479	1.00430660163589347	0.00000000000000000	0.00440000000000000027	2576.10597594378532	0.998048748560804166
42	0.999526507989925150	-0.0130671461760406594	0.00000000000000000	0.00656723284845365466	1.00393976037158139	0.00000000000000000	0.00440000000000000027	2638.93782901559916	0.997829543607605562
43	0.999958634508272604	-0.0136363988646216842	0.00000000000000000	0.00684708062671232024	1.00354725551324830	0.00000000000000000	0.00440000000000000027	2701.76968208741846	0.997619116455049859
44	1.00041503935699527	-0.0141589049187328831	0.00000000000000000	0.00710257741273723556	1.00313084801355124	0.00000000000000000	0.00440000000000000027	2764.60153515920501	0.997397435896085205
45	1.00089390241593246	-0.0146305364242047802	0.00000000000000000	0.00733172744102774873	1.00269248118079890	0.00000000000000000	0.00440000000000000027	2827.43338823102340	0.997176910767151647
46	1.00139322922941854	-0.0150473888091875244	0.00000000000000000	0.00753263234172852573	1.00223426653306058	0.00000000000000000	0.00440000000000000027	2890.26524130283497	0.996965869383672265
47	1.00191086045782907	-0.0154059463365409429	0.00000000000000000	0.00770364158921224215	1.00175846670215840	0.00000000000000000	0.00440000000000000027	2953.09709437461925	0.996755542444900722
48	1.00244448560876909	-0.0157030316368370858	0.00000000000000000	0.00784328705669301574	1.00126747882843725	0.00000000000000000	0.00440000000000000027	3015.92894744640944	0.996545765828377395
49	1.00299165664235468	-0.0159358448539451622	0.00000000000000000	0.00795030817630467714	1.00076381645301504	0.00000000000000000	0.00440000000000000027	3078.76080051823510	0.996342554103542444
50	1.00354980297014817	-0.0161019804131580582	0.00000000000000000	0.00802365556648739972	1.00025009089363359	0.00000000000000000	0.00440000000000000027	3141.59265359001347	0.996148389918241173
51	1.00411624732398619	-0.0161994507480259751	0.00000000000000000	0.00806250260817180028	0.999728992069862765	0.00000000000000000	0.00440000000000000027	3204.42450666183413	0.995945182461233980
52	1.00468822272075076	-0.0162266966116862456	0.00000000000000000	0.00806624476495801379	0.999203269121401672	0.00000000000000000	0.00440000000000000027	3267.25635973361659	0.995753649486027625
53	1.00526289025307070	-0.0161825947874083415	0.00000000000000000	0.00803449760079248156	0.998675710907136138	0.00000000000000000	0.00440000000000000027	3330.08821280541315	0.995557852659904707
54	1.00583735636228577	-0.0160665395221570827	0.00000000000000000	0.00796716935790111117	0.998149125947620952	0.00000000000000000	0.00440000000000000027	3392.92006587720107	0.995373336236977213
55	1.00640869501544028	-0.0158782527378622425	0.00000000000000000	0.00786426569589779821	0.997626324714244506	0.00000000000000000	0.00440000000000000027	3455.75191894900581	0.995201931946223972
56	1.00697396343463574	-0.0156180210592671530	0.00000000000000000	0.00772611992828378148	0.997110098842155179	0.00000000000000000	0.00440000000000000027	3518.58377202078918	0.995017302403169879
57	1.00753022407885973	-0.0152865612631796054	0.00000000000000000	0.00755325589251286487	0.996603203771808666	0.00000000000000000	0.00440000000000000027	3581.41562509258256	0.994848450094659054
58	1.00807456419311592	-0.0148850447708583876	0.00000000000000000	0.00734641060026899276	0.996108340699226602	0.00000000000000000	0.00440000000000000027	3644.24747816437912	0.994690554727358900
59	1.00860411585982424	-0.0144150894567253458	0.00000000000000000	0.00710652628320751056	0.995628139469138085	0.00000000000000000	0.00440000000000000027	3707.07933123617522	0.994530542863827027
60	1.00911607585237273	-0.0138787530388159597	0.00000000000000000	0.00683474588817932927	0.995165142234509914	0.00000000000000000	0.00440000000000000027	3769.91118430798770	0.994368399264394576
61	1.00960772532191578	-0.0132785151499520415	0.00000000000000000	0.00653239931311878647	0.994721788051955769	0.00000000000000000	0.00440000000000000027	3832.74303737975060	0.994223347301726235
62	1.01007644893221915	-0.0126172634615834139	0.00000000000000000	0.00620099557797516160	0.994300398366616989	0.00000000000000000	0.00440000000000000027	3895.57489045154398	0.994090280173770213
63	1.01051975345927647	-0.0118982712898575149	0.00000000000000000	0.00584220851264980086	0.993903163527188993	0.00000000000000000	0.00440000000000000027	3958.40674352333872	0.993948653570985496
64	1.01093528545412759	-0.0111251865836193200	0.00000000000000000	0.00545787551736702688	0.993532130251244427	0.00000000000000000	0.00440000000000000027	4021.23859659514574	0.993822777576726546
65	1.01132084831270852	-0.0103019909253759499	0.00000000000000000	0.00504996863950636470	0.993189190318299220	0.00000000000000000	0.00440000000000000027	4084.07044966695594	0.993705523164006954
66	1.01167441796341628	-0.00943298089451203962	0.00000000000000000	0.00462058940482822089	0.992876070197651894	0.00000000000000000	0.00440000000000000027	4146.90230273876932	0.993593714596480049
67	1.01199415735396481	-0.00852275025733306366	0.00000000000000000	0.00417196605722166929	0.992594321786772316	0.00000000000000000	0.00440000000000000027	4209.73415581056361	0.993487587009285300
68	1.01227842992249562	-0.00757613464875994159	0.00000000000000000	0.00370641550800337918	0.992345314422986124	0.00000000000000000	0.00440000000000000027	4272.56600888239336	0.993389284898861136
69	1.01252581113564499	-0.00659820524434085245	0.00000000000000000	0.00322635474030388923	0.992130227782924923	0.00000000000000000	0.00440000000000000027	4335.39786195417764	0.993301504132469426
70	1.01273509890164815	-0.00559420690566469255	0.00000000000000000	0.00273425897016954435	0.991950046120395945	0.00000000000000000	0.00440000000000000027	4398.22971502597738	0.993221213529015934
71	1.01290532189024418	-0.00456955302699970506	0.00000000000000000	0.00223267643852666838	0.991805553411449270	0.00000000000000000	0.00440000000000000027	4461.06156809776712	0.993141820708206224
72	1.01303574646040095	-0.00352977001138168314	0.00000000000000000	0.00172419469491921339	0.991697329785238169	0.00000000000000000	0.00440000000000000027	4523.89342116957232	0.993076444739189435
73	1.01312588160235406	-0.00248046558688378490	0.00000000000000000	0.00121143091566507512	0.991625748976589505	0.00000000000000000	0.00440000000000000027	4586.72527424139207	0.993019925359454603
74	1.01317548206896602	-0.00142728912206271930	0.00000000000000000	0.000697014844484618659	0.991590976902515409	0.00000000000000000	0.00440000000000000027	4649.55712731321000	0.992966126529950643
75	1.01318454960853899	-0.000375899129820557801	0.00000000000000000	0.000183579019941291360	0.991592971329541939	0.00000000000000000	0.00440000000000000027	4712.38898038501975	0.992924554597203635
76	1.01315333233103955	0.000668081591272507574	0.00000000000000000	-0.000326263057689631097	0.991631482645814799	0.00000000000000000	0.00440000000000000027	4775.22083345679403	0.992890806571686380
77	1.01308232216435212	0.00169909882783652114	0.00000000000000000	-0.000829927202061457245	0.991706055712086587	0.00000000000000000	0.00440000000000000027	4838.05268652861650	0.992865806596600842
78	1.01297225048300477	0.00271169855705469427	0.00000000000000000	-0.00132486796042856955	0.991816032812917747	0.00000000000000000	0.00440000000000000027	4900.88453960040260	0.992848655052495088
79	1.01282408187431150	0.00370057941490067660	0.00000000000000000	-0.00180860904685383210	0.991960557666563991	0.00000000000000000	0.00440000000000000027	4963.71639267220598	0.992840003103042323
80	1.01263900621120650	0.00466060965755928786	0.00000000000000000	-0.00227873980433444118	0.992138580545492643	0.00000000000000000	0.00440000000000000027	5026.54824574398572	0.992839289607743147
81	1.01241842917163116	0.00558683918551197006	0.00000000000000000	-0.00273290776774061947	0.992348864531598984	0.00000000000000000	0.00440000000000000027	5089.38009881578091	0.992846930958419582
82	1.01216396030910349	0.00647466209014515952	0.00000000000000000	-0.00316895991857305166	0.992589992418093314	0.00000000000000000	0.00440000000000000027	5152.21195188759430	0.992864053994265805
83	1.01187740138499005	0.00731964333949182162	0.00000000000000000	-0.00358475610041941208	0.992860375525142613	0.00000000000000000	0.00440000000000000027	5215.04380495938494	0.992888510748997422
84	1.01156073159346693	0.00811768960914320548	0.00000000000000000	-0.00397832112654539216	0.993158262711342998	0.00000000000000000	0.00440000000000000027	5277.87565803121652	0.992919768129164826
85	1.01121609242021959	0.00886503855959588048	0.00000000000000000	-0.00434782057008043649	0.993481750842495126	0.00000000000000000	0.00440000000000000027	5340.70751110303809	0.992961660415928593
86	1.01084577135224896	0.00955827052812070581	0.00000000000000000	-0.00469156015270715335	0.993828796246698176	0.00000000000000000	0.00440000000000000027	5403.53936417483965	0.993013111691274930
87	1.01045218431742123	0.0101943542028944834	0.00000000000000000	-0.00500802028733303602	0.994197226996921368	0.00000000000000000	0.00440000000000000027	5466.37121724663666	0.993071755842222514
88	1.01003785763186804	0.0107706523488520986	0.00000000000000000	-0.00529585322895030977	0.994584756291533645	0.00000000000000000	0.00440000000000000027	5529.20307031843913	0.993137769555636152
89	1.00960540923193753	0.0112849358766952193	0.00000000000000000	-0.00555389027124290544	0.994988996704596951	0.00000000000000000	0.00440000000000000027	5592.03492339023251	0.993209508455819345
90	1.00915752931828684	0.0117354046100943722	0.00000000000000000	-0.00578115744376418890	0.995407475234133532	0.00000000000000000	0.00440000000000000027	5654.86677646204043	0.993288613227133355
91	1.00869696084372440	0.0121206893102490561	0.00000000000000000	-0.00597687464881781899	0.995837649221022247	0.00000000000000000	0.00440000000000000027	5717.69862953383108	0.993386364213257655
92	1.00822647953979905	0.0124398763292070634	0.00000000000000000	-0.00614047900326559343	0.996276922832060818	0.00000000000000000	0.00440000000000000027	5780.53048260560718	0.993481338410813430
93	1.00774887443679795	0.0126924867724196814	0.00000000000000000	-0.00627160513090553595	0.996722664413865256	0.00000000000000000	0.00440000000000000027	5843.36233567743602	0.993581173732574818
94	1.00726692798851802	0.0128784976487391657	0.00000000000000000	-0.00637010868046588088	0.997172224107110039	0.00000000000000000	0.00440000000000000027	5906.19418874922485	0.993695669047791830
95	1.00678339683891815	0.0129983304158984569	0.00000000000000000	-0.00643605936872067384	0.997622952046190892	0.00000000000000000	0.00440000000000000027	5969.02604182100094	0.993816878637608370
96	1.00630099279882468	0.0130528539870362406	0.00000000000000000	-0.00646974995302561882	0.998072216738586149	0.00000000000000000	0.00440000000000000027	6031.85789489282797	0.993941644530621615
97	1.00582236465169306	0.0130433636511773504	0.00000000000000000	-0.00647168287802899009	0.998517423731219100	0.00000000000000000	0.00440000000000000027	6094.68974796461225	0.994079883337723125
98	1.00535008035589857	0.0129715792045960714	0.00000000000000000	-0.00644257737445589306	0.998956034141249005	0.00000000000000000	0.00440000000000000027	6157.52160103642382	0.994215522101068783
99	1.00488661012064728	0.0128396341392201935	0.00000000000000000	-0.00638336903276466930	0.999385583077004980	0.00000000000000000	0.00440000000000000027	6220.35345410821174	0.994361378281181985
100	1.00443431068234124	0.0126500387095911729	0.00000000000000000	-0.00629518459082388602	0.999803697896764820	0.00000000000000000	0.00440000000000000027	6283.18530718002421	0.994519028814175754
