0	1.00000000000000000	0.00000000000000000	0.00000000000000000	-0.00000000000000000	1.00439036235917745	0.00000000000000000	0.00880000000000000053	0.00000000000000000	1.00439036235917789
1	0.999999999999963030	-3.04834282816024427e-15	0.00000000000000000	-4.47918611923281418e-14	1.00439036235921919	0.00000000000000000	0.00880000000000000053	62.8318530717998058	1.00439036235925583
2	0.999999999999884537	-6.31699553776954303e-15	0.00000000000000000	-1.77033951734295592e-15	1.00439036235927448	0.00000000000000000	0.00880000000000000053	125.663706143599327	1.00439036235939105
3	0.999999999999955036	-1.00542404263270768e-14	0.00000000000000000	6.04629193934336229e-14	1.00439036235921120	0.00000000000000000	0.00880000000000000053	188.495559215399112	1.00439036235925694
4	0.999999999999917621	-1.43281653902649353e-14	0.00000000000000000	-1.94484185700449785e-15	1.00439036235920010	0.00000000000000000	0.00880000000000000053	251.327412287199166	1.00439036235928270
5	0.999999999999807043	-1.83958751009960508e-14	0.00000000000000000	1.84748050191529956e-14	1.00439036235929913	0.00000000000000000	0.00880000000000000053	314.159265359000585	1.00439036235949297
6	0.999999999999715117	-1.97359489861881343e-14	0.00000000000000000	6.58891344262890755e-15	1.00439036235933532	0.00000000000000000	0.00880000000000000053	376.991118430801976	1.00439036235962131
7	0.999999999999644840	-2.06189232354603291e-14	0.00000000000000000	8.13320764903036064e-14	1.00439036235935042	0.00000000000000000	0.00880000000000000053	439.822971502602229	1.00439036235970724
8	0.999999999999578892	-2.13546628297089924e-14	0.00000000000000000	1.03628260486599011e-13	1.00439036235934287	0.00000000000000000	0.00880000000000000053	502.654824574401289	1.00439036235976609
9	0.999999999999528821	-2.16979212375179031e-14	0.00000000000000000	-2.55784976532780206e-15	1.00439036235935686	0.00000000000000000	0.00880000000000000053	565.486677646205294	1.00439036235983026
10	0.999999999999257039	-2.19156290337529924e-14	0.00000000000000000	-8.62777731203134834e-14	1.00439036235953250	0.00000000000000000	0.00880000000000000053	628.318530718002194	1.00439036236027834
11	0.999999999999083955	-2.22451180739713372e-14	0.00000000000000000	-8.80220375754081630e-14	1.00439036235965995	0.00000000000000000	0.00880000000000000053	691.150383789800799	1.00439036236058010
12	0.999999999998851474	-2.24664037373756287e-14	0.00000000000000000	-1.72826163102879349e-14	1.00439036235981338	0.00000000000000000	0.00880000000000000053	753.982236861599972	1.00439036236096690
13	0.999999999998811395	-2.33745314770494872e-14	0.00000000000000000	1.24354519737135405e-13	1.00439036235982093	0.00000000000000000	0.00880000000000000053	816.814089933395167	1.00439036236101553
14	0.999999999998814837	-2.48954502846121528e-14	0.00000000000000000	2.22201597399607209e-13	1.00439036235976786	0.00000000000000000	0.00880000000000000053	879.645943005193658	1.00439036236095869
15	0.999999999998895883	-2.68699992811427535e-14	0.00000000000000000	1.48789048573169658e-13	1.00439036235963286	0.00000000000000000	0.00880000000000000053	942.477796076989989	1.00439036236074242
16	0.999999999998736677	-2.66162959727811455e-14	0.00000000000000000	-5.83010202614975270e-14	1.00439036235970947	0.00000000000000000	0.00880000000000000053	1005.30964914879314	1.00439036236097845
17	0.999999999998506195	-2.57476331921857593e-14	0.00000000000000000	-3.09473800752524397e-13	1.00439036235988355	0.00000000000000000	0.00880000000000000053	1068.14150222059493	1.00439036236138168
18	0.999999999998102296	-2.51443831034148246e-14	0.00000000000000000	-2.44639811880498215e-13	1.00439036236020685	0.00000000000000000	0.00880000000000000053	1130.97335529238467	1.00439036236211221
19	0.999999999997834843	-2.50138451618475699e-14	0.00000000000000000	-1.19014824037644296e-13	1.00439036236040158	0.00000000000000000	0.00880000000000000053	1193.80520836418145	1.00439036236257628
20	0.999999999997651989	-2.52857630667069344e-14	0.00000000000000000	1.59746348094014223e-13	1.00439036236052037	0.00000000000000000	0.00880000000000000053	1256.63706143597733	1.00439036236287960
21	0.999999999997968292	-2.56853999874850913e-14	0.00000000000000000	3.51749445542948180e-13	1.00439036236025858	0.00000000000000000	0.00880000000000000053	1319.46891450777866	1.00439036236229984
22	0.999999999998308464	-2.59393201362811965e-14	0.00000000000000000	3.69976401945470990e-13	1.00439036235994728	0.00000000000000000	0.00880000000000000053	1382.30076757957750	1.00439036236164747
23	0.999999999998590350	-2.59809534997046399e-14	0.00000000000000000	3.01971989080662695e-13	1.00439036235973900	0.00000000000000000	0.00880000000000000053	1445.13262065137496	1.00439036236115653
24	0.999999999998753331	-2.60371151722393890e-14	0.00000000000000000	2.43256369908406711e-13	1.00439036235960555	0.00000000000000000	0.00880000000000000053	1507.96447372317039	1.00439036236085766
25	0.999999999999049205	-2.58769785113632800e-14	0.00000000000000000	1.36141532075528815e-13	1.00439036235940904	0.00000000000000000	0.00880000000000000053	1570.79632679497468	1.00439036236036450
26	0.999999999999340639	-2.56817137000986406e-14	0.00000000000000000	-7.51022508072018979e-14	1.00439036235922696	0.00000000000000000	0.00880000000000000053	1633.62817986676782	1.00439036235988888
27	0.999999999999099609	-2.54006884969903979e-14	0.00000000000000000	-1.17899613683025706e-13	1.00439036235935197	0.00000000000000000	0.00880000000000000053	1696.46003293856870	1.00439036236025547
28	0.999999999998967937	-2.58734006441940778e-14	0.00000000000000000	-2.81874350249733396e-13	1.00439036235942925	0.00000000000000000	0.00880000000000000053	1759.29188601036981	1.00439036236046375
29	0.999999999998830824	-2.58595228563862634e-14	0.00000000000000000	-4.41723914390568240e-13	1.00439036235954116	0.00000000000000000	0.00880000000000000053	1822.12373908216478	1.00439036236071377
30	0.999999999998706368	-2.62628460645508710e-14	0.00000000000000000	-4.97477059546724831e-13	1.00439036235966106	0.00000000000000000	0.00880000000000000053	1884.95559215397202	1.00439036236095691
31	0.999999999998576139	-2.66080560362702556e-14	0.00000000000000000	-5.95952540788369234e-13	1.00439036235977608	0.00000000000000000	0.00880000000000000053	1947.78744522576926	1.00439036236120427
32	0.999999999998424927	-2.74259781551933202e-14	0.00000000000000000	-6.64535267091981297e-13	1.00439036235991508	0.00000000000000000	0.00880000000000000053	2010.61929829756195	1.00439036236149404
33	0.999999999998087641	-2.76948602939697253e-14	0.00000000000000000	-6.60540198926806710e-13	1.00439036236016244	0.00000000000000000	0.00880000000000000053	2073.45115136936101	1.00439036236208068
34	0.999999999997706945	-2.81671387603044110e-14	0.00000000000000000	-5.96608266262288467e-13	1.00439036236042245	0.00000000000000000	0.00880000000000000053	2136.28300444116439	1.00439036236272461
35	0.999999999997529088	-2.89239118766992931e-14	0.00000000000000000	-4.99243008045269221e-13	1.00439036236059698	0.00000000000000000	0.00880000000000000053	2199.11485751295641	1.00439036236307677
36	0.999999999997499223	-2.97301246121595142e-14	0.00000000000000000	-3.55466524271097484e-13	1.00439036236067047	0.00000000000000000	0.00880000000000000053	2261.94671058476251	1.00439036236318113
37	0.999999999997428501	-3.02232197602059216e-14	0.00000000000000000	-2.20895350622196673e-13	1.00439036236076240	0.00000000000000000	0.00880000000000000053	2324.77856365653452	1.00439036236334389
38	0.999999999997439715	-3.06725131404839146e-14	0.00000000000000000	6.24580682312414481e-14	1.00439036236076840	0.00000000000000000	0.00880000000000000053	2387.61041672832243	1.00439036236334034
39	0.999999999997485456	-3.08442507646056185e-14	0.00000000000000000	1.30195333680749314e-13	1.00439036236074664	0.00000000000000000	0.00880000000000000053	2450.44226980011990	1.00439036236327239
40	0.999999999997438493	-3.11849070872005640e-14	0.00000000000000000	2.13352989789084013e-13	1.00439036236076484	0.00000000000000000	0.00880000000000000053	2513.27412287190009	1.00439036236333745
41	0.999999999997537081	-3.16127332644633441e-14	0.00000000000000000	3.49992604342652669e-13	1.00439036236068246	0.00000000000000000	0.00880000000000000053	2576.10597594370984	1.00439036236315804
42	0.999999999997533973	-3.20620266447413371e-14	0.00000000000000000	3.97625508907761827e-13	1.00439036236068513	0.00000000000000000	0.00880000000000000053	2638.93782901553186	1.00439036236316315
43	0.999999999997500222	-3.23894557008319595e-14	0.00000000000000000	4.52825710955950811e-13	1.00439036236068491	0.00000000000000000	0.00880000000000000053	2701.76968208731296	1.00439036236319668
44	0.999999999997626898	-3.30256655356464535e-14	0.00000000000000000	5.33680304809491801e-13	1.00439036236058121	0.00000000000000000	0.00880000000000000053	2764.60153515912543	1.00439036236296597
45	0.999999999997585598	-3.36718500304478141e-14	0.00000000000000000	6.57596806868943062e-13	1.00439036236057078	0.00000000000000000	0.00880000000000000053	2827.43338823092063	1.00439036236299639
46	0.999999999997522315	-3.45227318954144380e-14	0.00000000000000000	6.61319089767520296e-13	1.00439036236053614	0.00000000000000000	0.00880000000000000053	2890.26524130274811	1.00439036236302970
47	0.999999999997729039	-3.51307524737443089e-14	0.00000000000000000	7.11512934074148840e-13	1.00439036236033252	0.00000000000000000	0.00880000000000000053	2953.09709437455876	1.00439036236261359
48	0.999999999997820743	-3.56281844304806583e-14	0.00000000000000000	7.94583582958141577e-13	1.00439036236022350	0.00000000000000000	0.00880000000000000053	3015.92894744635851	1.00439036236241397
49	0.999999999997822187	-3.65861854700888500e-14	0.00000000000000000	8.00775244724771795e-13	1.00439036236016288	0.00000000000000000	0.00880000000000000053	3078.76080051817507	1.00439036236235579
50	0.999999999997733147	-3.71707872814930340e-14	0.00000000000000000	7.74853271823250367e-13	1.00439036236012291	0.00000000000000000	0.00880000000000000053	3141.59265358996254	1.00439036236240264
51	0.999999999997790656	-3.82202949844590023e-14	0.00000000000000000	6.28681134928754659e-13	1.00439036236001300	0.00000000000000000	0.00880000000000000053	3204.42450666175000	1.00439036236223478
52	0.999999999997749023	-3.90876567224474059e-14	0.00000000000000000	4.78630156341974811e-13	1.00439036236000234	0.00000000000000000	0.00880000000000000053	3267.25635973354292	1.00439036236226520
53	0.999999999997585931	-4.05968661465472280e-14	0.00000000000000000	3.70100000993134337e-13	1.00439036236009627	0.00000000000000000	0.00880000000000000053	3330.08821280536495	1.00439036236252099
54	0.999999999997522204	-4.19482157343331608e-14	0.00000000000000000	1.83127818464967618e-13	1.00439036236010470	0.00000000000000000	0.00880000000000000053	3392.92006587716378	1.00439036236259471
55	0.999999999997534306	-4.35198752035681480e-14	0.00000000000000000	2.24065557774544288e-14	1.00439036236011425	0.00000000000000000	0.00880000000000000053	3455.75191894896989	1.00439036236259049
56	0.999999999997535527	-4.52112305926455349e-14	0.00000000000000000	-1.64639135658006808e-13	1.00439036236016599	0.00000000000000000	0.00880000000000000053	3518.58377202078054	1.00439036236264112
57	0.999999999997656208	-4.69966947302946636e-14	0.00000000000000000	-3.50808791738099757e-13	1.00439036236015644	0.00000000000000000	0.00880000000000000053	3581.41562509258620	1.00439036236250967
58	0.999999999997664868	-4.86741723315642361e-14	0.00000000000000000	-4.75081345790995258e-13	1.00439036236023171	0.00000000000000000	0.00880000000000000053	3644.24747816437684	1.00439036236257540
59	0.999999999997525535	-5.03017766328994753e-14	0.00000000000000000	-5.01390595708528508e-13	1.00439036236040602	0.00000000000000000	0.00880000000000000053	3707.07933123617750	1.00439036236288914
60	0.999999999997529643	-5.18187923126411931e-14	0.00000000000000000	-4.05137945760913887e-13	1.00439036236052925	0.00000000000000000	0.00880000000000000053	3769.91118430797815	1.00439036236301016
61	0.999999999997439826	-5.32499391803220590e-14	0.00000000000000000	-2.86504760887984489e-13	1.00439036236067225	0.00000000000000000	0.00880000000000000053	3832.74303737976015	1.00439036236324331
62	0.999999999997663203	-5.47183826027364262e-14	0.00000000000000000	-1.20847342549579295e-13	1.00439036236059542	0.00000000000000000	0.00880000000000000053	3895.57489045155080	1.00439036236294266
63	0.999999999997812639	-5.60506502322866140e-14	0.00000000000000000	1.05028399172146791e-13	1.00439036236051016	0.00000000000000000	0.00880000000000000053	3958.40674352336464	1.00439036236270707
64	0.999999999998001821	-5.74775687114947864e-14	0.00000000000000000	3.76569110095703596e-13	1.00439036236036916	0.00000000000000000	0.00880000000000000053	4021.23859659516802	1.00439036236237644
65	0.999999999998366307	-5.89389648197879978e-14	0.00000000000000000	5.37772951170190083e-13	1.00439036236006629	0.00000000000000000	0.00880000000000000053	4084.07044966697686	1.00439036236170987
66	0.999999999998515299	-6.01883994033602931e-14	0.00000000000000000	5.17704802638352390e-13	1.00439036235990309	0.00000000000000000	0.00880000000000000053	4146.90230273873749	1.00439036236139634
67	0.999999999998619771	-6.16598785918576198e-14	0.00000000000000000	4.31490780605781055e-13	1.00439036235972834	0.00000000000000000	0.00880000000000000053	4209.73415581056270	1.00439036236111612
68	0.999999999998828826	-6.30936275447524508e-14	0.00000000000000000	3.91868829052732792e-13	1.00439036235954893	0.00000000000000000	0.00880000000000000053	4272.56600888234971	1.00439036236072643
69	0.999999999998772982	-6.49419754084057388e-14	0.00000000000000000	2.60412351404948339e-13	1.00439036235953094	0.00000000000000000	0.00880000000000000053	4335.39786195410852	1.00439036236076373
70	0.999999999998597011	-6.69111033940739119e-14	0.00000000000000000	1.50403344292837637e-13	1.00439036235961354	0.00000000000000000	0.00880000000000000053	4398.22971502594646	1.00439036236102308
71	0.999999999998403277	-6.84825460228744021e-14	0.00000000000000000	-1.26400626077050049e-14	1.00439036235975765	0.00000000000000000	0.00880000000000000053	4461.06156809772710	1.00439036236136081
72	0.999999999998325451	-7.03740451329926131e-14	0.00000000000000000	-1.98874553977712587e-13	1.00439036235982471	0.00000000000000000	0.00880000000000000053	4523.89342116951957	1.00439036236150558
73	0.999999999998089972	-7.26944546225460897e-14	0.00000000000000000	-3.43267081426290588e-13	1.00439036236007428	0.00000000000000000	0.00880000000000000053	4586.72527424138570	1.00439036236198964
74	0.999999999997421174	-7.51916974864319521e-14	0.00000000000000000	-2.00842543551099650e-13	1.00439036236058388	0.00000000000000000	0.00880000000000000053	4649.55712731317362	1.00439036236317381
75	0.999999999996969757	-7.72160113626796374e-14	0.00000000000000000	3.93907996498743529e-14	1.00439036236087409	0.00000000000000000	0.00880000000000000053	4712.38898038497791	1.00439036236391743
76	0.999999999996715405	-7.95492144378684429e-14	0.00000000000000000	3.46352287128315339e-13	1.00439036236091894	0.00000000000000000	0.00880000000000000053	4775.22083345677129	1.00439036236421941
77	0.999999999996685096	-8.17445069967170923e-14	0.00000000000000000	4.32938407346483700e-13	1.00439036236081414	0.00000000000000000	0.00880000000000000053	4838.05268652860559	1.00439036236414636
78	0.999999999996443734	-8.37463778879943277e-14	0.00000000000000000	2.52968652969531860e-13	1.00439036236082102	0.00000000000000000	0.00880000000000000053	4900.88453960038350	1.00439036236439438
79	0.999999999996282862	-8.53982683179932422e-14	0.00000000000000000	-2.37891303878079441e-14	1.00439036236085855	0.00000000000000000	0.00880000000000000053	4963.71639267219052	1.00439036236459134
80	0.999999999996189159	-8.73068978224367243e-14	0.00000000000000000	-1.83453295957147766e-13	1.00439036236097157	0.00000000000000000	0.00880000000000000053	5026.54824574399026	1.00439036236479917
81	0.999999999995975442	-8.86634786857048995e-14	0.00000000000000000	-2.82468520145309765e-13	1.00439036236113810	0.00000000000000000	0.00880000000000000053	5089.38009881578546	1.00439036236518042
82	0.999999999995309530	-9.04979216564960609e-14	0.00000000000000000	-1.51529505089398331e-13	1.00439036236160151	0.00000000000000000	0.00880000000000000053	5152.21195188764250	1.00439036236631241
83	0.999999999994681588	-9.23419598165137190e-14	0.00000000000000000	-6.12137836079884590e-14	1.00439036236198787	0.00000000000000000	0.00880000000000000053	5215.04380495943678	1.00439036236732937
84	0.999999999994231836	-9.40922686987200052e-14	0.00000000000000000	9.26394377875894293e-14	1.00439036236226942	0.00000000000000000	0.00880000000000000053	5277.87565803122561	1.00439036236806278
85	0.999999999994078848	-9.59358460728143569e-14	0.00000000000000000	2.87448450458915872e-13	1.00439036236229384	0.00000000000000000	0.00880000000000000053	5340.70751110307538	1.00439036236824153
86	0.999999999993937183	-9.74376829221412777e-14	0.00000000000000000	4.31926196198251233e-13	1.00439036236228230	0.00000000000000000	0.00880000000000000053	5403.53936417489513	1.00439036236837342
87	0.999999999993810396	-9.93025106588163453e-14	0.00000000000000000	4.53172764071363421e-13	1.00439036236224477	0.00000000000000000	0.00880000000000000053	5466.37121724671852	1.00439036236846135
88	0.999999999993714250	-1.01025091070461315e-13	0.00000000000000000	3.32697844968032896e-13	1.00439036236217105	0.00000000000000000	0.00880000000000000053	5529.20307031845368	1.00439036236848533
89	0.999999999993376965	-1.02696497139564968e-13	0.00000000000000000	3.12007364389188524e-14	1.00439036236230916	0.00000000000000000	0.00880000000000000053	5592.03492339022614	1.00439036236896095
90	0.999999999992799538	-1.04499959033277356e-13	0.00000000000000000	-3.35157466016533512e-13	1.00439036236269974	0.00000000000000000	0.00880000000000000053	5654.86677646204498	1.00439036236993062
91	0.999999999992607247	-1.06291061022223410e-13	0.00000000000000000	-4.44097558206790755e-13	1.00439036236287982	0.00000000000000000	0.00880000000000000053	5717.69862953384654	1.00439036237030477
92	0.999999999992302380	-1.08129651066324328e-13	0.00000000000000000	-4.51379385257855148e-13	1.00439036236310342	0.00000000000000000	0.00880000000000000053	5780.53048260569358	1.00439036237083279
93	0.999999999991869282	-1.09840088413637460e-13	0.00000000000000000	-4.89221510524551206e-13	1.00439036236341361	0.00000000000000000	0.00880000000000000053	5843.36233567748423	1.00439036237157664
94	0.999999999991613264	-1.11637261934749432e-13	0.00000000000000000	-4.73227360076045045e-13	1.00439036236360058	0.00000000000000000	0.00880000000000000053	5906.19418874932762	1.00439036237202095
95	0.999999999991461608	-1.13541988311371966e-13	0.00000000000000000	-4.37900583849515357e-13	1.00439036236366053	0.00000000000000000	0.00880000000000000053	5969.02604182114464	1.00439036237223411
96	0.999999999991277533	-1.15237246828270301e-13	0.00000000000000000	-4.12839901153816413e-13	1.00439036236372914	0.00000000000000000	0.00880000000000000053	6031.85789489296894	1.00439036237248813
97	0.999999999991073585	-1.17171897184853435e-13	0.00000000000000000	-4.16979601888800566e-13	1.00439036236387702	0.00000000000000000	0.00880000000000000053	6094.68974796473503	1.00439036237284229
98	0.999999999990730859	-1.19110559089474766e-13	0.00000000000000000	-3.40524917291640250e-13	1.00439036236407842	0.00000000000000000	0.00880000000000000053	6157.52160103651931	1.00439036237338786
99	0.999999999990498711	-1.20747812790145126e-13	0.00000000000000000	-2.21144500281433842e-13	1.00439036236423562	0.00000000000000000	0.00880000000000000053	6220.35345410832906	1.00439036237377799
100	0.999999999990179744	-1.22769849841830592e-13	0.00000000000000000	-1.27362530244479188e-13	1.00439036236442325	0.00000000000000000	0.00880000000000000053	6283.18530718010425	1.00439036237428558
