0	1.00000000000000000	0.00000000000000000	0.00000000000000000	-0.00000000000000000	1.00088460873369423	0.00000000000000000	0.00177000000000000009	0.00000000000000000	1.00088460873369378
1	0.999999999999976685	-3.33934269125535366e-15	0.00000000000000000	-5.08365051443693261e-14	1.00088460873371066	0.00000000000000000	0.00177000000000000009	62.8318530717998556	1.00088460873373419
2	0.999999999999928391	-7.80061779059870730e-15	0.00000000000000000	8.59468746172709075e-15	1.00088460873374530	0.00000000000000000	0.00177000000000000009	125.663706143599441	1.00088460873381679
3	0.999999999999937828	-1.31535407565941398e-14	0.00000000000000000	3.88977045018279455e-14	1.00088460873374130	0.00000000000000000	0.00177000000000000009	188.495559215399680	1.00088460873380369
4	0.999999999999934386	-1.58050655896246894e-14	0.00000000000000000	2.32314167902814006e-14	1.00088460873372997	0.00000000000000000	0.00177000000000000009	251.327412287199564	1.00088460873379614
5	0.999999999999920286	-1.63272173558937084e-14	0.00000000000000000	3.50691697903471322e-14	1.00088460873374197	0.00000000000000000	0.00177000000000000009	314.159265358999448	1.00088460873382190
6	0.999999999999849898	-1.63532382080333605e-14	0.00000000000000000	1.00058850094342233e-14	1.00088460873378970	0.00000000000000000	0.00177000000000000009	376.991118430800270	1.00088460873394047
7	0.999999999999695355	-1.64885466391595514e-14	0.00000000000000000	3.90572990616178117e-14	1.00088460873388141	0.00000000000000000	0.00177000000000000009	439.822971502601661	1.00088460873418694
8	0.999999999999567235	-1.68441649517347969e-14	0.00000000000000000	1.02837877102857078e-13	1.00088460873393270	0.00000000000000000	0.00177000000000000009	502.654824574402312	1.00088460873436680
9	0.999999999999502065	-1.65353841730109252e-14	0.00000000000000000	1.22452395445726836e-13	1.00088460873394225	0.00000000000000000	0.00177000000000000009	565.486677646204839	1.00088460873444163
10	0.999999999999560241	-1.64711994043997834e-14	0.00000000000000000	1.59859105119952716e-13	1.00088460873387985	0.00000000000000000	0.00177000000000000009	628.318530717997760	1.00088460873432084
11	0.999999999999501066	-1.62079551169203029e-14	0.00000000000000000	-2.80418049891650867e-15	1.00088460873386942	0.00000000000000000	0.00177000000000000009	691.150383789798184	1.00088460873436902
12	0.999999999999400258	-1.61129790066105727e-14	0.00000000000000000	-1.28503978291671928e-13	1.00088460873393026	0.00000000000000000	0.00177000000000000009	753.982236861596334	1.00088460873452956
13	0.999999999999271139	-1.60357838119296048e-14	0.00000000000000000	-1.44927472800482349e-13	1.00088460873405127	0.00000000000000000	0.00177000000000000009	816.814089933392438	1.00088460873478025
14	0.999999999999133471	-1.59542518085586948e-14	0.00000000000000000	-1.51305183659911080e-13	1.00088460873415208	0.00000000000000000	0.00177000000000000009	879.645943005192294	1.00088460873501894
15	0.999999999999002798	-1.58122213239630938e-14	0.00000000000000000	-1.35411430332577076e-13	1.00088460873427287	0.00000000000000000	0.00177000000000000009	942.477796076989648	1.00088460873527096
16	0.999999999998820055	-1.56125112837912638e-14	0.00000000000000000	-4.58418025761631043e-14	1.00088460873440810	0.00000000000000000	0.00177000000000000009	1005.30964914878996	1.00088460873558893
17	0.999999999998742339	-1.53731194441064645e-14	0.00000000000000000	7.46659678529937310e-14	1.00088460873446361	0.00000000000000000	0.00177000000000000009	1068.14150222058743	1.00088460873572305
18	0.999999999998812839	-1.52031165434607374e-14	0.00000000000000000	1.31077440568283521e-13	1.00088460873442520	0.00000000000000000	0.00177000000000000009	1130.97335529239308	1.00088460873561402
19	0.999999999998796407	-1.50860227088323029e-14	0.00000000000000000	1.48817590195360339e-13	1.00088460873442120	0.00000000000000000	0.00177000000000000009	1193.80520836418532	1.00088460873562601
20	0.999999999998928191	-1.48926010412608889e-14	0.00000000000000000	2.26010291211331538e-13	1.00088460873431329	0.00000000000000000	0.00177000000000000009	1256.63706143598506	1.00088460873538598
21	0.999999999999018452	-1.47434148223268835e-14	0.00000000000000000	2.37195679764212741e-13	1.00088460873424046	0.00000000000000000	0.00177000000000000009	1319.46891450779071	1.00088460873522567
22	0.999999999999151346	-1.47156592467112546e-14	0.00000000000000000	2.05235134442816047e-13	1.00088460873407148	0.00000000000000000	0.00177000000000000009	1382.30076757958682	1.00088460873492258
23	0.999999999999280353	-1.46592807337420084e-14	0.00000000000000000	1.77847320204094217e-13	1.00088460873394447	0.00000000000000000	0.00177000000000000009	1445.13262065138520	1.00088460873466634
24	0.999999999999434785	-1.44797368539784088e-14	0.00000000000000000	1.06614370110058587e-13	1.00088460873384455	0.00000000000000000	0.00177000000000000009	1507.96447372318062	1.00088460873441099
25	0.999999999999463429	-1.44563180870527219e-14	0.00000000000000000	-8.65713750686225580e-15	1.00088460873381035	0.00000000000000000	0.00177000000000000009	1570.79632679497581	1.00088460873434748
26	0.999999999999524603	-1.44450423844588727e-14	0.00000000000000000	3.10307335382731253e-14	1.00088460873373397	0.00000000000000000	0.00177000000000000009	1633.62817986677396	1.00088460873420981
27	0.999999999999582445	-1.42282019499617718e-14	0.00000000000000000	7.57033324916278616e-15	1.00088460873368090	0.00000000000000000	0.00177000000000000009	1696.46003293856734	1.00088460873409879
28	0.999999999999529265	-1.41388636909489662e-14	0.00000000000000000	7.48515832649232493e-14	1.00088460873372198	0.00000000000000000	0.00177000000000000009	1759.29188601036140	1.00088460873419360
29	0.999999999999453770	-1.41284553500931054e-14	0.00000000000000000	1.21052473600613553e-13	1.00088460873376550	0.00000000000000000	0.00177000000000000009	1822.12373908216296	1.00088460873431262
30	0.999999999999341083	-1.41137102005473025e-14	0.00000000000000000	1.73829700633731932e-13	1.00088460873381413	0.00000000000000000	0.00177000000000000009	1884.95559215396474	1.00088460873447538
31	0.999999999999249489	-1.39766670459451348e-14	0.00000000000000000	2.23078500116713485e-13	1.00088460873387852	0.00000000000000000	0.00177000000000000009	1947.78744522576881	1.00088460873463170
32	0.999999999999292233	-1.39315642355697378e-14	0.00000000000000000	1.89244453441261840e-13	1.00088460873385210	0.00000000000000000	0.00177000000000000009	2010.61929829758014	1.00088460873456242
33	0.999999999999372280	-1.38482975087228510e-14	0.00000000000000000	2.75746439570845325e-13	1.00088460873383700	0.00000000000000000	0.00177000000000000009	2073.45115136938011	1.00088460873446561
34	0.999999999999314548	-1.37320710358324050e-14	0.00000000000000000	3.18828188676512081e-13	1.00088460873388763	0.00000000000000000	0.00177000000000000009	2136.28300444117122	1.00088460873457419
35	0.999999999999174327	-1.35204347717632345e-14	0.00000000000000000	3.67548005919537957e-13	1.00088460873400487	0.00000000000000000	0.00177000000000000009	2199.11485751297141	1.00088460873483420
36	0.999999999999163225	-1.34996180900515128e-14	0.00000000000000000	4.14562481565461383e-13	1.00088460873401952	0.00000000000000000	0.00177000000000000009	2261.94671058476979	1.00088460873486063
37	0.999999999999184763	-1.34102798310387072e-14	0.00000000000000000	3.51272830267923553e-13	1.00088460873398466	0.00000000000000000	0.00177000000000000009	2324.77856365658863	1.00088460873480289
38	0.999999999999199529	-1.33677791058772755e-14	0.00000000000000000	3.66416966213201079e-13	1.00088460873396801	0.00000000000000000	0.00177000000000000009	2387.61041672839337	1.00088460873477025
39	0.999999999999163114	-1.33140026781219944e-14	0.00000000000000000	3.68840374909140678e-13	1.00088460873400353	0.00000000000000000	0.00177000000000000009	2450.44226980019857	1.00088460873484353
40	0.999999999999182876	-1.31812963322097687e-14	0.00000000000000000	3.80921856557581151e-13	1.00088460873401286	0.00000000000000000	0.00177000000000000009	2513.27412287202060	1.00088460873483243
41	0.999999999999047207	-1.31335914366204065e-14	0.00000000000000000	4.06865513502552290e-13	1.00088460873411256	0.00000000000000000	0.00177000000000000009	2576.10597594379396	1.00088460873506735
42	0.999999999998992251	-1.30034871759221460e-14	0.00000000000000000	3.92572259422241387e-13	1.00088460873416096	0.00000000000000000	0.00177000000000000009	2638.93782901558234	1.00088460873516993
43	0.999999999998996913	-1.29410506833141370e-14	0.00000000000000000	3.68923668741041877e-13	1.00088460873416230	0.00000000000000000	0.00177000000000000009	2701.76968208737526	1.00088460873516594
44	0.999999999999032996	-1.29551317590292925e-14	0.00000000000000000	3.23782667344119091e-13	1.00088460873414520	0.00000000000000000	0.00177000000000000009	2764.60153515918000	1.00088460873511376
45	0.999999999998974487	-1.28161099354623387e-14	0.00000000000000000	3.26796613858357232e-13	1.00088460873419804	0.00000000000000000	0.00177000000000000009	2827.43338823099839	1.00088460873522456
46	0.999999999999071298	-1.27328703136697641e-14	0.00000000000000000	3.57058133060306204e-13	1.00088460873415031	0.00000000000000000	0.00177000000000000009	2890.26524130278449	1.00088460873508334
47	0.999999999999059974	-1.26478688633469005e-14	0.00000000000000000	3.53089085747271270e-13	1.00088460873417673	0.00000000000000000	0.00177000000000000009	2953.09709437459742	1.00088460873512064
48	0.999999999998968270	-1.26530730337748309e-14	0.00000000000000000	3.40543565569007001e-13	1.00088460873425644	0.00000000000000000	0.00177000000000000009	3015.92894744639716	1.00088460873529184
49	0.999999999998940292	-1.25975618825435731e-14	0.00000000000000000	3.75427119947424615e-13	1.00088460873427976	0.00000000000000000	0.00177000000000000009	3078.76080051820554	1.00088460873534357
50	0.999999999998860911	-1.24787333244391618e-14	0.00000000000000000	3.99012420326805284e-13	1.00088460873433838	0.00000000000000000	0.00177000000000000009	3141.59265359001802	1.00088460873548168
51	0.999999999998811284	-1.24041402149721591e-14	0.00000000000000000	3.73734029834871251e-13	1.00088460873435836	0.00000000000000000	0.00177000000000000009	3204.42450666181958	1.00088460873555030
52	0.999999999998722466	-1.23998034062822171e-14	0.00000000000000000	3.90478448186737381e-13	1.00088460873441987	0.00000000000000000	0.00177000000000000009	3267.25635973361614	1.00088460873570151
53	0.999999999998664180	-1.23425575315749825e-14	0.00000000000000000	3.95301846811690893e-13	1.00088460873444540	0.00000000000000000	0.00177000000000000009	3330.08821280542588	1.00088460873578500
54	0.999999999998547606	-1.22393414847543625e-14	0.00000000000000000	3.02371842841875349e-13	1.00088460873452889	0.00000000000000000	0.00177000000000000009	3392.92006587724427	1.00088460873598395
55	0.999999999998474443	-1.22033459726278437e-14	0.00000000000000000	3.15732249372979723e-13	1.00088460873457974	0.00000000000000000	0.00177000000000000009	3455.75191894904265	1.00088460873610763
56	0.999999999998331890	-1.21621462900733945e-14	0.00000000000000000	2.43394714105615861e-13	1.00088460873465679	0.00000000000000000	0.00177000000000000009	3518.58377202084830	1.00088460873632745
57	0.999999999998324784	-1.21270181396848642e-14	0.00000000000000000	1.68299835873186865e-13	1.00088460873465324	0.00000000000000000	0.00177000000000000009	3581.41562509265668	1.00088460873633034
58	0.999999999998377076	-1.20294399441611688e-14	0.00000000000000000	1.93091636430109403e-13	1.00088460873463991	0.00000000000000000	0.00177000000000000009	3644.24747816446052	1.00088460873626484
59	0.999999999998351541	-1.19726277503229284e-14	0.00000000000000000	1.55058474740621399e-13	1.00088460873464258	0.00000000000000000	0.00177000000000000009	3707.07933123625435	1.00088460873629304
60	0.999999999998254618	-1.19713267077159458e-14	0.00000000000000000	1.45511207250148544e-13	1.00088460873472163	0.00000000000000000	0.00177000000000000009	3769.91118430805227	1.00088460873646889
61	0.999999999998259281	-1.19192850034366415e-14	0.00000000000000000	9.20836757539733597e-14	1.00088460873471030	0.00000000000000000	0.00177000000000000009	3832.74303737985656	1.00088460873645269
62	0.999999999998262168	-1.18273446592098708e-14	0.00000000000000000	9.55312218220427667e-14	1.00088460873471652	0.00000000000000000	0.00177000000000000009	3895.57489045165630	1.00088460873645713
63	0.999999999998247846	-1.18360182765897548e-14	0.00000000000000000	7.94000282189344375e-14	1.00088460873472007	0.00000000000000000	0.00177000000000000009	3958.40674352345923	1.00088460873647445
64	0.999999999998269384	-1.17943849131663114e-14	0.00000000000000000	8.27237583989059999e-14	1.00088460873472607	0.00000000000000000	0.00177000000000000009	4021.23859659525033	1.00088460873645868
65	0.999999999998143485	-1.17180570802233319e-14	0.00000000000000000	4.41695291453214622e-14	1.00088460873480201	0.00000000000000000	0.00177000000000000009	4084.07044966704689	1.00088460873666052
66	0.999999999998016698	-1.16642806524680509e-14	0.00000000000000000	1.50955636879501753e-14	1.00088460873487817	0.00000000000000000	0.00177000000000000009	4146.90230273884390	1.00088460873686347
67	0.999999999997932321	-1.16538723116121901e-14	0.00000000000000000	-8.74109812309953327e-14	1.00088460873493412	0.00000000000000000	0.00177000000000000009	4209.73415581064546	1.00088460873700313
68	0.999999999997852718	-1.16105042247127699e-14	0.00000000000000000	-1.69201458399825810e-13	1.00088460873496077	0.00000000000000000	0.00177000000000000009	4272.56600888244611	1.00088460873710883
69	0.999999999997857381	-1.15463194561016280e-14	0.00000000000000000	-1.90089263774062545e-13	1.00088460873495144	0.00000000000000000	0.00177000000000000009	4335.39786195425950	1.00088460873709462
70	0.999999999997827849	-1.15359111152457672e-14	0.00000000000000000	-1.69225744528489486e-13	1.00088460873494944	0.00000000000000000	0.00177000000000000009	4398.22971502604196	1.00088460873712215
71	0.999999999997772671	-1.15003492839882426e-14	0.00000000000000000	-2.43410326616899653e-13	1.00088460873498053	0.00000000000000000	0.00177000000000000009	4461.06156809784534	1.00088460873720853
72	0.999999999997714162	-1.14413686858050312e-14	0.00000000000000000	-2.94128436884033562e-13	1.00088460873501917	0.00000000000000000	0.00177000000000000009	4523.89342116966873	1.00088460873730534
73	0.999999999997745470	-1.14136131101894023e-14	0.00000000000000000	-2.79623546539653489e-13	1.00088460873498630	0.00000000000000000	0.00177000000000000009	4586.72527424144391	1.00088460873724117
74	0.999999999997664646	-1.13884596197877386e-14	0.00000000000000000	-2.83733973815980534e-13	1.00088460873505625	0.00000000000000000	0.00177000000000000009	4649.55712731325548	1.00088460873739238
75	0.999999999997592703	-1.13381526389844112e-14	0.00000000000000000	-2.63294594460283804e-13	1.00088460873508622	0.00000000000000000	0.00177000000000000009	4712.38898038507978	1.00088460873749407
76	0.999999999997403188	-1.12999887225129214e-14	0.00000000000000000	-2.81180460859342674e-13	1.00088460873521790	0.00000000000000000	0.00177000000000000009	4775.22083345687679	1.00088460873781604
77	0.999999999997364664	-1.12757025938492461e-14	0.00000000000000000	-2.19027053438569652e-13	1.00088460873523299	0.00000000000000000	0.00177000000000000009	4838.05268652867471	1.00088460873786977
78	0.999999999997360112	-1.12340692304258027e-14	0.00000000000000000	-2.93812717211405783e-13	1.00088460873521701	0.00000000000000000	0.00177000000000000009	4900.88453960043717	1.00088460873785823
79	0.999999999997396305	-1.11993747609062666e-14	0.00000000000000000	-2.65766575413550754e-13	1.00088460873519458	0.00000000000000000	0.00177000000000000009	4963.71639267224873	1.00088460873779983
80	0.999999999997232325	-1.11789917600635391e-14	0.00000000000000000	-2.15378496287721433e-13	1.00088460873531271	0.00000000000000000	0.00177000000000000009	5026.54824574411577	1.00088460873808227
81	0.999999999997214895	-1.11438636096750088e-14	0.00000000000000000	-1.60749885624866806e-13	1.00088460873532514	0.00000000000000000	0.00177000000000000009	5089.38009881589278	1.00088460873811202
82	0.999999999997200351	-1.11091691401554726e-14	0.00000000000000000	-8.92749416059324119e-14	1.00088460873533869	0.00000000000000000	0.00177000000000000009	5152.21195188767524	1.00088460873814045
83	0.999999999997270961	-1.10848830114917973e-14	0.00000000000000000	-5.95062193964324138e-14	1.00088460873529450	0.00000000000000000	0.00177000000000000009	5215.04380495949772	1.00088460873802565
84	0.999999999997335687	-1.10553927124001916e-14	0.00000000000000000	-6.70891293907960318e-14	1.00088460873526097	0.00000000000000000	0.00177000000000000009	5277.87565803127745	1.00088460873792773
85	0.999999999997367883	-1.10172287959287019e-14	0.00000000000000000	-7.23995516316300325e-14	1.00088460873524010	0.00000000000000000	0.00177000000000000009	5340.70751110308811	1.00088460873787444
86	0.999999999997385980	-1.09928884571564023e-14	0.00000000000000000	-6.16480065780689035e-14	1.00088460873523011	0.00000000000000000	0.00177000000000000009	5403.53936417491150	1.00088460873784668
87	0.999999999997406630	-1.09703980383409061e-14	0.00000000000000000	-4.25251468153670098e-14	1.00088460873519836	0.00000000000000000	0.00177000000000000009	5466.37121724670396	1.00088460873779428
88	0.999999999997275180	-1.09426356864616992e-14	0.00000000000000000	-6.98070073967826943e-14	1.00088460873529073	0.00000000000000000	0.00177000000000000009	5529.20307031849734	1.00088460873801788
89	0.999999999997118194	-1.09183495577980239e-14	0.00000000000000000	-9.66327712292880392e-14	1.00088460873537910	0.00000000000000000	0.00177000000000000009	5592.03492339028708	1.00088460873826191
90	0.999999999997029598	-1.08957981526103254e-14	0.00000000000000000	-7.16440795578421330e-14	1.00088460873540619	0.00000000000000000	0.00177000000000000009	5654.86677646208773	1.00088460873837826
91	0.999999999996986522	-1.08680425769946964e-14	0.00000000000000000	-5.83907922013793268e-14	1.00088460873546059	0.00000000000000000	0.00177000000000000009	5717.69862953388474	1.00088460873847618
92	0.999999999996951772	-1.08368175544271139e-14	0.00000000000000000	-1.18932641512969894e-14	1.00088460873545215	0.00000000000000000	0.00177000000000000009	5780.53048260569994	1.00088460873850260
93	0.999999999996981526	-1.08125314257634386e-14	0.00000000000000000	-2.65759636519646847e-14	1.00088460873542084	0.00000000000000000	0.00177000000000000009	5843.36233567752242	1.00088460873844176
94	0.999999999996866062	-1.07917147440517169e-14	0.00000000000000000	-7.55298601440301809e-14	1.00088460873546659	0.00000000000000000	0.00177000000000000009	5906.19418874931307	1.00088460873860274
95	0.999999999996881050	-1.07674286153880416e-14	0.00000000000000000	-5.09592368302946852e-14	1.00088460873544216	0.00000000000000000	0.00177000000000000009	5969.02604182106643	1.00088460873856300
96	0.999999999996773470	-1.07500813806282736e-14	0.00000000000000000	-7.28583859910258980e-14	1.00088460873550900	0.00000000000000000	0.00177000000000000009	6031.85789489287072	1.00088460873873730
97	0.999999999996781908	-1.07379383162964359e-14	0.00000000000000000	-8.77249661801471348e-14	1.00088460873548635	0.00000000000000000	0.00177000000000000009	6094.68974796466500	1.00088460873870688
98	0.999999999996627142	-1.07084480172048302e-14	0.00000000000000000	-1.10597295210901336e-13	1.00088460873558383	0.00000000000000000	0.00177000000000000009	6157.52160103645656	1.00088460873895890
99	0.999999999996582623	-1.06772229946372477e-14	0.00000000000000000	-9.63187862801362371e-14	1.00088460873558160	0.00000000000000000	0.00177000000000000009	6220.35345410826449	1.00088460873900087
100	0.999999999996586397	-1.06598757598774796e-14	0.00000000000000000	-1.22330964802408459e-13	1.00088460873556584	0.00000000000000000	0.00177000000000000009	6283.18530718005059	1.00088460873898155
