0	1.00000000000000000	0.00000000000000000	0.00000000000000000	-0.00000000000000000	1.00049987506246096	0.00000000000000000	0.00100000000000000002	0.00000000000000000	1.00049987506246096
1	0.999999999999718225	-2.60598834178615846e-15	0.00000000000000000	5.54460991009086968e-15	1.00049987506261306	0.00000000000000000	0.00100000000000000002	62.8318530718000900	1.00049987506289462
2	0.999999999999289568	-6.00582951426620326e-15	0.00000000000000000	1.38712825947795437e-14	1.00049987506282756	0.00000000000000000	0.00100000000000000002	125.663706143600180	1.00049987506353899
3	0.999999999998849143	-6.17214612752547964e-15	0.00000000000000000	2.83479836826749931e-14	1.00049987506305116	0.00000000000000000	0.00100000000000000002	188.495559215399794	1.00049987506420268
4	0.999999999998503863	-6.00908212078365978e-15	0.00000000000000000	4.89973729991821649e-14	1.00049987506321392	0.00000000000000000	0.00100000000000000002	251.327412287199706	1.00049987506471161
5	0.999999999998064215	-5.85295700794574714e-15	0.00000000000000000	6.51562137576888745e-14	1.00049987506342286	0.00000000000000000	0.00100000000000000002	314.159265358999335	1.00049987506536064
6	0.999999999997774336	-5.81652781495023419e-15	0.00000000000000000	1.12050993483769901e-13	1.00049987506354299	0.00000000000000000	0.00100000000000000002	376.991118430797371	1.00049987506577120
7	0.999999999997361888	-5.46784839627889596e-15	0.00000000000000000	1.27040739039685491e-13	1.00049987506375504	0.00000000000000000	0.00100000000000000002	439.822971502596488	1.00049987506639759
8	0.999999999996928013	-5.66734159601622878e-15	0.00000000000000000	1.00093544563861769e-13	1.00049987506395066	0.00000000000000000	0.00100000000000000002	502.654824574396230	1.00049987506702531
9	0.999999999996516120	-5.46090950237498873e-15	0.00000000000000000	7.42253480900956220e-14	1.00049987506414073	0.00000000000000000	0.00100000000000000002	565.486677646193925	1.00049987506762794
10	0.999999999995901057	-5.58580959264531884e-15	0.00000000000000000	2.18540463503558158e-14	1.00049987506446203	0.00000000000000000	0.00100000000000000002	628.318530717995031	1.00049987506856342
11	0.999999999995258904	-5.00120778124113485e-15	0.00000000000000000	-2.23866064574806956e-14	1.00049987506479532	0.00000000000000000	0.00100000000000000002	691.150383789795342	1.00049987506953819
12	0.999999999994650390	-4.84334794492724541e-15	0.00000000000000000	-5.51329815134948831e-14	1.00049987506511240	0.00000000000000000	0.00100000000000000002	753.982236861593833	1.00049987507046367
13	0.999999999993942290	-5.01508556904894931e-15	0.00000000000000000	-8.45590958364894618e-14	1.00049987506546856	0.00000000000000000	0.00100000000000000002	816.814089933397440	1.00049987507152793
14	0.999999999993175459	-4.54150606010728097e-15	0.00000000000000000	-1.13725001638087519e-13	1.00049987506584803	0.00000000000000000	0.00100000000000000002	879.645943005200024	1.00049987507267346
15	0.999999999992349564	-4.76008121808035867e-15	0.00000000000000000	-1.33865141194178250e-13	1.00049987506624039	0.00000000000000000	0.00100000000000000002	942.477796076999198	1.00049987507389293
16	0.999999999991506128	-4.59007831743463157e-15	0.00000000000000000	-8.95568341707786431e-14	1.00049987506663829	0.00000000000000000	0.00100000000000000002	1005.30964914880121	1.00049987507513416
17	0.999999999990597743	-4.62477278695416771e-15	0.00000000000000000	-4.07313072159354306e-14	1.00049987506708016	0.00000000000000000	0.00100000000000000002	1068.14150222060198	1.00049987507648686
18	0.999999999989708455	-5.13131204193939539e-15	0.00000000000000000	1.24206200879939388e-15	1.00049987506749449	0.00000000000000000	0.00100000000000000002	1130.97335529240127	1.00049987507779137
19	0.999999999988732458	-5.88418203051332966e-15	0.00000000000000000	3.63337832043342246e-15	1.00049987506796789	0.00000000000000000	0.00100000000000000002	1193.80520836420101	1.00049987507924176
20	0.999999999987677191	-6.74807432154977960e-15	0.00000000000000000	3.66338903656782122e-14	1.00049987506848126	0.00000000000000000	0.00100000000000000002	1256.63706143600234	1.00049987508081117
21	0.999999999986571408	-6.84174938925252718e-15	0.00000000000000000	4.63622196189561464e-14	1.00049987506902371	0.00000000000000000	0.00100000000000000002	1319.46891450780367	1.00049987508246030
22	0.999999999985434984	-7.04557939767980201e-15	0.00000000000000000	1.14371186132888880e-13	1.00049987506958948	0.00000000000000000	0.00100000000000000002	1382.30076757960683	1.00049987508416249
23	0.999999999984216958	-6.85909662401229525e-15	0.00000000000000000	9.80084069457376472e-14	1.00049987507020233	0.00000000000000000	0.00100000000000000002	1445.13262065139884	1.00049987508599503
24	0.999999999982963961	-6.67174648860680009e-15	0.00000000000000000	4.57134330389408206e-14	1.00049987507080984	0.00000000000000000	0.00100000000000000002	1507.96447372319994	1.00049987508785532
25	0.999999999981697640	-6.57807142090405250e-15	0.00000000000000000	1.62855839924702650e-14	1.00049987507142002	0.00000000000000000	0.00100000000000000002	1570.79632679500037	1.00049987508973204
26	0.999999999980418997	-6.52169290793480627e-15	0.00000000000000000	-4.68418706600637336e-14	1.00049987507204663	0.00000000000000000	0.00100000000000000002	1633.62817986680102	1.00049987509163696
27	0.999999999978963716	-6.46357967148958323e-15	0.00000000000000000	-1.24573962256846471e-13	1.00049987507278426	0.00000000000000000	0.00100000000000000002	1696.46003293860144	1.00049987509382898
28	0.999999999977569720	-6.46704911844153685e-15	0.00000000000000000	-2.06917816214513550e-13	1.00049987507346505	0.00000000000000000	0.00100000000000000002	1759.29188601040187	1.00049987509590244
29	0.999999999976243004	-6.46704911844153685e-15	0.00000000000000000	-2.33351532541448137e-13	1.00049987507411076	0.00000000000000000	0.00100000000000000002	1822.12373908220047	1.00049987509787530
30	0.999999999974802045	-6.45317133063372239e-15	0.00000000000000000	-2.81479700658948673e-13	1.00049987507482996	0.00000000000000000	0.00100000000000000002	1884.95559215399862	1.00049987510003535
31	0.999999999973364417	-6.54684639833646997e-15	0.00000000000000000	-2.85979573355632510e-13	1.00049987507554672	0.00000000000000000	0.00100000000000000002	1947.78744522579086	1.00049987510218807
32	0.999999999972000730	-6.54337695138451636e-15	0.00000000000000000	-2.44092940304696526e-13	1.00049987507621729	0.00000000000000000	0.00100000000000000002	2010.61929829758628	1.00049987510422600
33	0.999999999970561881	-6.46704911844153685e-15	0.00000000000000000	-2.71189320999454253e-13	1.00049987507693161	0.00000000000000000	0.00100000000000000002	2073.45115136939421	1.00049987510637917
34	0.999999999969128694	-6.46704911844153685e-15	0.00000000000000000	-2.90736185126760915e-13	1.00049987507764659	0.00000000000000000	0.00100000000000000002	2136.28300444118668	1.00049987510852745
35	0.999999999967702835	-6.48439635320130492e-15	0.00000000000000000	-2.78492506833316611e-13	1.00049987507837268	0.00000000000000000	0.00100000000000000002	2199.11485751298460	1.00049987511068106
36	0.999999999966221687	-6.45664077758567601e-15	0.00000000000000000	-2.88311041707345339e-13	1.00049987507912275	0.00000000000000000	0.00100000000000000002	2261.94671058477115	1.00049987511291283
37	0.999999999964723663	-6.46704911844153685e-15	0.00000000000000000	-3.60569213375683262e-13	1.00049987507988769	0.00000000000000000	0.00100000000000000002	2324.77856365657090	1.00049987511517458
38	0.999999999963228636	-6.47051856539349046e-15	0.00000000000000000	-3.81066705967825214e-13	1.00049987508065019	0.00000000000000000	0.00100000000000000002	2387.61041672837018	1.00049987511743255
39	0.999999999961763142	-6.46357967148958323e-15	0.00000000000000000	-3.92269550175683435e-13	1.00049987508137850	0.00000000000000000	0.00100000000000000002	2450.44226980017493	1.00049987511962768
40	0.999999999960255570	-6.46704911844153685e-15	0.00000000000000000	-4.02882588401709540e-13	1.00049987508213967	0.00000000000000000	0.00100000000000000002	2513.27412287197421	1.00049987512189609
41	0.999999999958776864	-6.46704911844153685e-15	0.00000000000000000	-4.39984854105901491e-13	1.00049987508288307	0.00000000000000000	0.00100000000000000002	2576.10597594377577	1.00049987512411853
42	0.999999999957279950	-6.46704911844153685e-15	0.00000000000000000	-4.96425817120282886e-13	1.00049987508363292	0.00000000000000000	0.00100000000000000002	2638.93782901558097	1.00049987512636451
43	0.999999999955795360	-6.49567205579515417e-15	0.00000000000000000	-5.03406344387613558e-13	1.00049987508439142	0.00000000000000000	0.00100000000000000002	2701.76968208737753	1.00049987512861516
44	0.999999999954306773	-6.46704911844153685e-15	0.00000000000000000	-5.38988992326849825e-13	1.00049987508515570	0.00000000000000000	0.00100000000000000002	2764.60153515918137	1.00049987513086136
45	0.999999999952841390	-6.45664077758567601e-15	0.00000000000000000	-5.60568952368001305e-13	1.00049987508589711	0.00000000000000000	0.00100000000000000002	2827.43338823097974	1.00049987513306848
46	0.999999999951348917	-6.45664077758567601e-15	0.00000000000000000	-5.50479800631720195e-13	1.00049987508665872	0.00000000000000000	0.00100000000000000002	2890.26524130277494	1.00049987513532379
47	0.999999999949824803	-6.46011022453762962e-15	0.00000000000000000	-5.89639448378420639e-13	1.00049987508744787	0.00000000000000000	0.00100000000000000002	2953.09709437457514	1.00049987513763661
48	0.999999999948333662	-6.45317133063372239e-15	0.00000000000000000	-5.89406995432639746e-13	1.00049987508819060	0.00000000000000000	0.00100000000000000002	3015.92894744637988	1.00049987513987126
49	0.999999999946777018	-6.48439635320130492e-15	0.00000000000000000	-5.94670146458753379e-13	1.00049987508897797	0.00000000000000000	0.00100000000000000002	3078.76080051817917	1.00049987514221583
50	0.999999999945254014	-6.46357967148958323e-15	0.00000000000000000	-5.93598087350599712e-13	1.00049987508975491	0.00000000000000000	0.00100000000000000002	3141.59265358998118	1.00049987514451622
51	0.999999999943709916	-6.47051856539349046e-15	0.00000000000000000	-5.54237211680685959e-13	1.00049987509054916	0.00000000000000000	0.00100000000000000002	3204.42450666178684	1.00049987514685634
52	0.999999999942164264	-6.48092690624935130e-15	0.00000000000000000	-5.27814771056345222e-13	1.00049987509133054	0.00000000000000000	0.00100000000000000002	3267.25635973359294	1.00049987514919292
53	0.999999999940673234	-6.47051856539349046e-15	0.00000000000000000	-5.45917477889901193e-13	1.00049987509209481	0.00000000000000000	0.00100000000000000002	3330.08821280539541	1.00049987515144068
54	0.999999999939176654	-6.47398801234544408e-15	0.00000000000000000	-5.47326073352394360e-13	1.00049987509283067	0.00000000000000000	0.00100000000000000002	3392.92006587719834	1.00049987515367422
55	0.999999999937641548	-6.46011022453762962e-15	0.00000000000000000	-5.40609224053412163e-13	1.00049987509361271	0.00000000000000000	0.00100000000000000002	3455.75191894899535	1.00049987515599170
56	0.999999999936165396	-6.46357967148958323e-15	0.00000000000000000	-5.18439458030428568e-13	1.00049987509436522	0.00000000000000000	0.00100000000000000002	3518.58377202078964	1.00049987515822170
57	0.999999999934624517	-6.50868248186498022e-15	0.00000000000000000	-5.25329779677008446e-13	1.00049987509513705	0.00000000000000000	0.00100000000000000002	3581.41562509258620	1.00049987516053518
58	0.999999999933082195	-6.46704911844153685e-15	0.00000000000000000	-5.22075438436075956e-13	1.00049987509593397	0.00000000000000000	0.00100000000000000002	3644.24747816439321	1.00049987516287531
59	0.999999999931546424	-6.47398801234544408e-15	0.00000000000000000	-5.15823495028655543e-13	1.00049987509671512	0.00000000000000000	0.00100000000000000002	3707.07933123619387	1.00049987516519279
60	0.999999999930116901	-6.46011022453762962e-15	0.00000000000000000	-5.33951355352613177e-13	1.00049987509742278	0.00000000000000000	0.00100000000000000002	3769.91118430800134	1.00049987516733085
61	0.999999999928616101	-6.46011022453762962e-15	0.00000000000000000	-5.37545702394837122e-13	1.00049987509817795	0.00000000000000000	0.00100000000000000002	3832.74303737980017	1.00049987516958727
62	0.999999999927142946	-6.58501031480795973e-15	0.00000000000000000	-5.11535258596040876e-13	1.00049987509890448	0.00000000000000000	0.00100000000000000002	3895.57489045159446	1.00049987517178662
63	0.999999999925668237	-6.47051856539349046e-15	0.00000000000000000	-5.06282515910783104e-13	1.00049987509966076	0.00000000000000000	0.00100000000000000002	3958.40674352339556	1.00049987517401995
64	0.999999999924124916	-6.47051856539349046e-15	0.00000000000000000	-5.26627352837039098e-13	1.00049987510044880	0.00000000000000000	0.00100000000000000002	4021.23859659519849	1.00049987517635186
65	0.999999999922610128	-6.47745745929739769e-15	0.00000000000000000	-5.08870723336940500e-13	1.00049987510121130	0.00000000000000000	0.00100000000000000002	4084.07044966700323	1.00049987517862959
66	0.999999999921146410	-6.46704911844153685e-15	0.00000000000000000	-4.87887508171525042e-13	1.00049987510194116	0.00000000000000000	0.00100000000000000002	4146.90230273880206	1.00049987518082473
67	0.999999999919621185	-6.48439635320130492e-15	0.00000000000000000	-5.02535513202673201e-13	1.00049987510271277	0.00000000000000000	0.00100000000000000002	4209.73415581059544	1.00049987518312244
68	0.999999999918152804	-6.46011022453762962e-15	0.00000000000000000	-4.68458605240584802e-13	1.00049987510343930	0.00000000000000000	0.00100000000000000002	4272.56600888241246	1.00049987518531802
69	0.999999999916619919	-6.46357967148958323e-15	0.00000000000000000	-4.99305458090404386e-13	1.00049987510419958	0.00000000000000000	0.00100000000000000002	4335.39786195421675	1.00049987518761130
70	0.999999999915072713	-6.45664077758567601e-15	0.00000000000000000	-4.93917406974020423e-13	1.00049987510499361	0.00000000000000000	0.00100000000000000002	4398.22971502602559	1.00049987518995342
71	0.999999999913604887	-6.46704911844153685e-15	0.00000000000000000	-5.07250491610378162e-13	1.00049987510573235	0.00000000000000000	0.00100000000000000002	4461.06156809782988	1.00049987519216077
72	0.999999999912060566	-6.46704911844153685e-15	0.00000000000000000	-5.15924108990262198e-13	1.00049987510650817	0.00000000000000000	0.00100000000000000002	4523.89342116963962	1.00049987519448158
73	0.999999999910581305	-6.46704911844153685e-15	0.00000000000000000	-5.04242481103034379e-13	1.00049987510725025	0.00000000000000000	0.00100000000000000002	4586.72527424146028	1.00049987519670336
74	0.999999999909046755	-6.46704911844153685e-15	0.00000000000000000	-4.99811997345389614e-13	1.00049987510802718	0.00000000000000000	0.00100000000000000002	4649.55712731325457	1.00049987519901640
75	0.999999999907548398	-6.44623243672981516e-15	0.00000000000000000	-5.29035149021694906e-13	1.00049987510878480	0.00000000000000000	0.00100000000000000002	4712.38898038504340	1.00049987520127193
76	0.999999999906009629	-6.46357967148958323e-15	0.00000000000000000	-5.44734396479285010e-13	1.00049987510955840	0.00000000000000000	0.00100000000000000002	4775.22083345683586	1.00049987520358519
77	0.999999999904491510	-6.46357967148958323e-15	0.00000000000000000	-5.18987630648837239e-13	1.00049987511031890	0.00000000000000000	0.00100000000000000002	4838.05268652863833	1.00049987520586492
78	0.999999999902973169	-6.46357967148958323e-15	0.00000000000000000	-5.43457640000966080e-13	1.00049987511108851	0.00000000000000000	0.00100000000000000002	4900.88453960043898	1.00049987520815331
79	0.999999999901501790	-6.45664077758567601e-15	0.00000000000000000	-5.47745876433580747e-13	1.00049987511183058	0.00000000000000000	0.00100000000000000002	4963.71639267223236	1.00049987521036710
80	0.999999999899867542	-6.45664077758567601e-15	0.00000000000000000	-5.52953516308463122e-13	1.00049987511267369	0.00000000000000000	0.00100000000000000002	5026.54824574402846	1.00049987521284534
81	0.999999999898272707	-6.47051856539349046e-15	0.00000000000000000	-5.25791216121618277e-13	1.00049987511349436	0.00000000000000000	0.00100000000000000002	5089.38009881582639	1.00049987521526207
82	0.999999999896674874	-6.47051856539349046e-15	0.00000000000000000	-4.85455425858205558e-13	1.00049987511431060	0.00000000000000000	0.00100000000000000002	5152.21195188761885	1.00049987521767791
83	0.999999999895157643	-6.46357967148958323e-15	0.00000000000000000	-4.51701176462648846e-13	1.00049987511507510	0.00000000000000000	0.00100000000000000002	5215.04380495939677	1.00049987521996075
84	0.999999999893621205	-6.47398801234544408e-15	0.00000000000000000	-4.39748931713168645e-13	1.00049987511584382	0.00000000000000000	0.00100000000000000002	5277.87565803118741	1.00049987522226735
85	0.999999999892117186	-6.46357967148958323e-15	0.00000000000000000	-4.25104396128972439e-13	1.00049987511659033	0.00000000000000000	0.00100000000000000002	5340.70751110299352	1.00049987522451844
86	0.999999999890598401	-6.47051856539349046e-15	0.00000000000000000	-4.29083851782863235e-13	1.00049987511735683	0.00000000000000000	0.00100000000000000002	5403.53936417478690	1.00049987522680439
87	0.999999999889087166	-6.47398801234544408e-15	0.00000000000000000	-4.22346185802169316e-13	1.00049987511811800	0.00000000000000000	0.00100000000000000002	5466.37121724658027	1.00049987522907768
88	0.999999999887593805	-6.47745745929739769e-15	0.00000000000000000	-4.47621106847151395e-13	1.00049987511886673	0.00000000000000000	0.00100000000000000002	5529.20307031838456	1.00049987523132033
89	0.999999999886090007	-6.45664077758567601e-15	0.00000000000000000	-4.15407291898262088e-13	1.00049987511963079	0.00000000000000000	0.00100000000000000002	5592.03492339017339	1.00049987523358963
90	0.999999999884561563	-6.47398801234544408e-15	0.00000000000000000	-3.68458735744425780e-13	1.00049987512039640	0.00000000000000000	0.00100000000000000002	5654.86677646197586	1.00049987523588513
91	0.999999999883048107	-6.46704911844153685e-15	0.00000000000000000	-3.70727754051003444e-13	1.00049987512115224	0.00000000000000000	0.00100000000000000002	5717.69862953376378	1.00049987523815487
92	0.999999999881480028	-6.46011022453762962e-15	0.00000000000000000	-4.08482275782162674e-13	1.00049987512194827	0.00000000000000000	0.00100000000000000002	5780.53048260559081	1.00049987524051942
93	0.999999999879905732	-6.46357967148958323e-15	0.00000000000000000	-3.87238852095350694e-13	1.00049987512274252	0.00000000000000000	0.00100000000000000002	5843.36233567738509	1.00049987524288908
94	0.999999999878324441	-6.47398801234544408e-15	0.00000000000000000	-3.62640473205999569e-13	1.00049987512354499	0.00000000000000000	0.00100000000000000002	5906.19418874917665	1.00049987524527384
95	0.999999999876787116	-6.47745745929739769e-15	0.00000000000000000	-3.35211025603854296e-13	1.00049987512433525	0.00000000000000000	0.00100000000000000002	5969.02604182098639	1.00049987524760353
96	0.999999999875318846	-6.44623243672981516e-15	0.00000000000000000	-3.39048233932714993e-13	1.00049987512506799	0.00000000000000000	0.00100000000000000002	6031.85789489279068	1.00049987524980488
97	0.999999999873753764	-6.46357967148958323e-15	0.00000000000000000	-2.90233115318727641e-13	1.00049987512585137	0.00000000000000000	0.00100000000000000002	6094.68974796457951	1.00049987525215500
98	0.999999999872244527	-6.46704911844153685e-15	0.00000000000000000	-2.74388151089155485e-13	1.00049987512659966	0.00000000000000000	0.00100000000000000002	6157.52160103636197	1.00049987525441342
99	0.999999999870704093	-6.47745745929739769e-15	0.00000000000000000	-2.58772170358412268e-13	1.00049987512736638	0.00000000000000000	0.00100000000000000002	6220.35345410815444	1.00049987525672224
100	0.999999999869220169	-6.46704911844153685e-15	0.00000000000000000	-2.49619769299158634e-13	1.00049987512811822	0.00000000000000000	0.00100000000000000002	6283.18530717995782	1.00049987525895845
