0	1.00000000000000000	0.00000000000000000	0.00000000000000000	-0.00000000000000000	1.00219758530940384	0.00000000000000000	0.00440000000000000027	0.00000000000000000	1.00219758530940428
1	1.00000000000004485	-2.53139523231915575e-15	0.00000000000000000	-6.64355723212217697e-15	1.00219758530932146	0.00000000000000000	0.00440000000000000027	62.8318530718000545	1.00219758530927683
2	1.00000000000001799	-5.59361584828721448e-15	0.00000000000000000	-1.27209007216855241e-13	1.00219758530935898	0.00000000000000000	0.00440000000000000027	125.663706143599555	1.00219758530934011
3	0.999999999999973910	-1.01854288891978229e-14	0.00000000000000000	-1.35237307463675904e-13	1.00219758530943270	0.00000000000000000	0.00440000000000000027	188.495559215399282	1.00219758530945779
4	0.999999999999742317	-1.58466989530481328e-14	0.00000000000000000	-4.50728863954363845e-14	1.00219758530957970	0.00000000000000000	0.00440000000000000027	251.327412287198314	1.00219758530983771
5	0.999999999999605427	-2.15279183368721760e-14	0.00000000000000000	-9.37199536726884830e-14	1.00219758530963432	0.00000000000000000	0.00440000000000000027	314.159265358998141	1.00219758531003000
6	0.999999999999477529	-2.07303792187918390e-14	0.00000000000000000	-7.08387341841199003e-14	1.00219758530974268	0.00000000000000000	0.00440000000000000027	376.991118430799247	1.00219758531026581
7	0.999999999999409250	-1.99796776345628757e-14	0.00000000000000000	9.03660826723218236e-14	1.00219758530978886	0.00000000000000000	0.00440000000000000027	439.822971502600524	1.00219758531038172
8	0.999999999999462319	-1.94635974004597756e-14	0.00000000000000000	2.46641032250471959e-13	1.00219758530969805	0.00000000000000000	0.00440000000000000027	502.654824574400322	1.00219758531023695
9	0.999999999999511502	-1.90056304028018985e-14	0.00000000000000000	2.00952102180629311e-13	1.00219758530958614	0.00000000000000000	0.00440000000000000027	565.486677646200974	1.00219758531007708
10	0.999999999999473088	-1.84787081469739434e-14	0.00000000000000000	1.08933261716570584e-13	1.00219758530956971	0.00000000000000000	0.00440000000000000027	628.318530717998783	1.00219758531009839
11	0.999999999999422351	-1.81159341000602936e-14	0.00000000000000000	-8.55072306363280354e-14	1.00219758530957259	0.00000000000000000	0.00440000000000000027	691.150383789798070	1.00219758531015168
12	0.999999999999163447	-1.78572434617052522e-14	0.00000000000000000	-2.43138842392909282e-13	1.00219758530978909	0.00000000000000000	0.00440000000000000027	753.982236861596675	1.00219758531062553
13	0.999999999998899880	-1.75562689386232762e-14	0.00000000000000000	-2.01046644610070047e-13	1.00219758531000802	0.00000000000000000	0.00440000000000000027	816.814089933400510	1.00219758531110892
14	0.999999999998848588	-1.73455000362920941e-14	0.00000000000000000	-1.57109568410529477e-13	1.00219758531010217	0.00000000000000000	0.00440000000000000027	879.645943005201161	1.00219758531125525
15	0.999999999998684608	-1.71863391573712221e-14	0.00000000000000000	-1.58277037309861868e-13	1.00219758531021186	0.00000000000000000	0.00440000000000000027	942.477796077001926	1.00219758531152947
16	0.999999999998614997	-1.69831596702474386e-14	0.00000000000000000	-1.01123753468157496e-13	1.00219758531026226	0.00000000000000000	0.00440000000000000027	1005.30964914879212	1.00219758531165026
17	0.999999999998549938	-1.67990621413593999e-14	0.00000000000000000	-1.72074160476043403e-13	1.00219758531030378	0.00000000000000000	0.00440000000000000027	1068.14150222059084	1.00219758531175485
18	0.999999999998446465	-1.66394675815695336e-14	0.00000000000000000	-1.75271255842268658e-13	1.00219758531035996	0.00000000000000000	0.00440000000000000027	1130.97335529239081	1.00219758531191583
19	0.999999999998356315	-1.64842098304696094e-14	0.00000000000000000	-2.32325443605407855e-13	1.00219758531041436	0.00000000000000000	0.00440000000000000027	1193.80520836419419	1.00219758531206038
20	0.999999999998276046	-1.63489013993434185e-14	0.00000000000000000	-2.59334220764628753e-13	1.00219758531042724	0.00000000000000000	0.00440000000000000027	1256.63706143600052	1.00219758531215386
21	0.999999999998125166	-1.62387464586188912e-14	0.00000000000000000	-2.57922155855183632e-13	1.00219758531051029	0.00000000000000000	0.00440000000000000027	1319.46891450780026	1.00219758531238812
22	0.999999999998023359	-1.61316272839773234e-14	0.00000000000000000	-2.68149651788673893e-13	1.00219758531056646	0.00000000000000000	0.00440000000000000027	1382.30076757960364	1.00219758531254644
23	0.999999999997948863	-1.60587688979862975e-14	0.00000000000000000	-2.86401544841163869e-13	1.00219758531062753	0.00000000000000000	0.00440000000000000027	1445.13262065140884	1.00219758531268233
24	0.999999999997829958	-1.59941504485061614e-14	0.00000000000000000	-2.35824380856453075e-13	1.00219758531070458	0.00000000000000000	0.00440000000000000027	1507.96447372320699	1.00219758531287884
25	0.999999999997704059	-1.59284477968535398e-14	0.00000000000000000	-2.30906222961624330e-13	1.00219758531080205	0.00000000000000000	0.00440000000000000027	1570.79632679500401	1.00219758531310310
26	0.999999999997719269	-1.58779239756157153e-14	0.00000000000000000	-1.95477098050012010e-13	1.00219758531081737	0.00000000000000000	0.00440000000000000027	1633.62817986679602	1.00219758531310332
27	0.999999999997581157	-1.58258822713364111e-14	0.00000000000000000	-1.19806400043775962e-13	1.00219758531089975	0.00000000000000000	0.00440000000000000027	1696.46003293859940	1.00219758531332315
28	0.999999999997497002	-1.57807794609610141e-14	0.00000000000000000	-6.31305446287255823e-14	1.00219758531098080	0.00000000000000000	0.00440000000000000027	1759.29188601039846	1.00219758531348946
29	0.999999999997513878	-1.57252683097297563e-14	0.00000000000000000	7.36147254265517859e-14	1.00219758531095682	0.00000000000000000	0.00440000000000000027	1822.12373908219934	1.00219758531344905
30	0.999999999997386979	-1.56784307758783825e-14	0.00000000000000000	1.49175810593149549e-13	1.00219758531103786	0.00000000000000000	0.00440000000000000027	1884.95559215399021	1.00219758531365777
31	0.999999999997308375	-1.56298585185510319e-14	0.00000000000000000	2.40215833335888362e-13	1.00219758531102365	0.00000000000000000	0.00440000000000000027	1947.78744522578063	1.00219758531372372
32	0.999999999997178368	-1.55760820907957509e-14	0.00000000000000000	3.66637276094650133e-13	1.00219758531108161	0.00000000000000000	0.00440000000000000027	2010.61929829758105	1.00219758531391245
33	0.999999999997143618	-1.55396528978002380e-14	0.00000000000000000	4.30282545704763209e-13	1.00219758531108605	0.00000000000000000	0.00440000000000000027	2073.45115136938193	1.00219758531395220
34	0.999999999997179367	-1.55084278752326554e-14	0.00000000000000000	4.89667334457877246e-13	1.00219758531102254	0.00000000000000000	0.00440000000000000027	2136.28300444118531	1.00219758531385361
35	0.999999999997204125	-1.54772028526650729e-14	0.00000000000000000	5.55648409228393092e-13	1.00219758531096481	0.00000000000000000	0.00440000000000000027	2199.11485751298460	1.00219758531377079
36	0.999999999997139732	-1.54477125535734672e-14	0.00000000000000000	6.21272998324595704e-13	1.00219758531096836	0.00000000000000000	0.00440000000000000027	2261.94671058480117	1.00219758531383940
37	0.999999999997119415	-1.54268958718617455e-14	0.00000000000000000	6.61077963204359520e-13	1.00219758531094638	0.00000000000000000	0.00440000000000000027	2324.77856365661410	1.00219758531383807
38	0.999999999997092215	-1.54043444666740470e-14	0.00000000000000000	7.20567702727770154e-13	1.00219758531088732	0.00000000000000000	0.00440000000000000027	2387.61041672842521	1.00219758531380676
39	0.999999999997170375	-1.53774562527964065e-14	0.00000000000000000	7.05123459621148641e-13	1.00219758531075209	0.00000000000000000	0.00440000000000000027	2450.44226980022722	1.00219758531359271
40	0.999999999997239875	-1.53566395710846848e-14	0.00000000000000000	6.63455401728185734e-13	1.00219758531062531	0.00000000000000000	0.00440000000000000027	2513.27412287202151	1.00219758531339576
41	0.999999999997262412	-1.53349555276349747e-14	0.00000000000000000	6.46081278754540023e-13	1.00219758531058556	0.00000000000000000	0.00440000000000000027	2576.10597594384126	1.00219758531333336
42	0.999999999997295941	-1.53202103780891719e-14	0.00000000000000000	4.95876777140136227e-13	1.00219758531050229	0.00000000000000000	0.00440000000000000027	2638.93782901563964	1.00219758531321590
43	0.999999999997335687	-1.52907200789975661e-14	0.00000000000000000	3.81410181216068622e-13	1.00219758531043412	0.00000000000000000	0.00440000000000000027	2701.76968208743028	1.00219758531310643
44	0.999999999997219557	-1.52690360355478560e-14	0.00000000000000000	2.68698258087951558e-13	1.00219758531050029	0.00000000000000000	0.00440000000000000027	2764.60153515921775	1.00219758531328851
45	0.999999999997142952	-1.52534235242640648e-14	0.00000000000000000	1.76533267171041786e-13	1.00219758531052205	0.00000000000000000	0.00440000000000000027	2827.43338823102340	1.00219758531338643
46	0.999999999997114086	-1.52395457364562503e-14	0.00000000000000000	7.92395662974065829e-14	1.00219758531054803	0.00000000000000000	0.00440000000000000027	2890.26524130282769	1.00219758531344061
47	0.999999999997066569	-1.52169943312685518e-14	0.00000000000000000	1.65336494495349484e-14	1.00219758531057046	0.00000000000000000	0.00440000000000000027	2953.09709437461697	1.00219758531351055
48	0.999999999996940780	-1.52022491817227490e-14	0.00000000000000000	-5.43566927579952619e-14	1.00219758531063552	0.00000000000000000	0.00440000000000000027	3015.92894744639261	1.00219758531370173
49	0.999999999996812994	-1.51866366704389577e-14	0.00000000000000000	-1.70263109167123616e-13	1.00219758531071101	0.00000000000000000	0.00440000000000000027	3078.76080051817644	1.00219758531390379
50	0.999999999996799449	-1.51753609678451085e-14	0.00000000000000000	-2.49858293777105445e-13	1.00219758531071124	0.00000000000000000	0.00440000000000000027	3141.59265358997800	1.00219758531391734
51	0.999999999996590616	-1.51458706687535027e-14	0.00000000000000000	-3.26373476855490452e-13	1.00219758531085135	0.00000000000000000	0.00440000000000000027	3204.42450666177274	1.00219758531426617
52	0.999999999996570965	-1.51510748391814332e-14	0.00000000000000000	-3.46802447870331321e-13	1.00219758531089242	0.00000000000000000	0.00440000000000000027	3267.25635973356566	1.00219758531432768
53	0.999999999996426636	-1.51363296896356303e-14	0.00000000000000000	-4.32486511880991742e-13	1.00219758531099568	0.00000000000000000	0.00440000000000000027	3330.08821280533130	1.00219758531457526
54	0.999999999996394218	-1.51267887105177579e-14	0.00000000000000000	-4.91932883317502956e-13	1.00219758531103853	0.00000000000000000	0.00440000000000000027	3392.92006587713831	1.00219758531464986
55	0.999999999996384115	-1.51059720288060362e-14	0.00000000000000000	-5.64260443924879951e-13	1.00219758531109537	0.00000000000000000	0.00440000000000000027	3455.75191894893896	1.00219758531471648
56	0.999999999996207145	-1.51059720288060362e-14	0.00000000000000000	-5.76096462201469706e-13	1.00219758531125125	0.00000000000000000	0.00440000000000000027	3518.58377202072734	1.00219758531505043
57	0.999999999996095235	-1.50851553470943145e-14	0.00000000000000000	-5.91575399777610755e-13	1.00219758531134384	0.00000000000000000	0.00440000000000000027	3581.41562509251389	1.00219758531525516
58	0.999999999995986544	-1.50795174957973899e-14	0.00000000000000000	-5.93593316861040776e-13	1.00219758531141845	0.00000000000000000	0.00440000000000000027	3644.24747816430954	1.00219758531543901
59	0.999999999995855093	-1.50699765166795174e-14	0.00000000000000000	-5.40996067388554991e-13	1.00219758531149727	0.00000000000000000	0.00440000000000000027	3707.07933123611565	1.00219758531564929
60	0.999999999995725863	-1.50665070697275638e-14	0.00000000000000000	-5.38976849262517987e-13	1.00219758531156899	0.00000000000000000	0.00440000000000000027	3769.91118430791767	1.00219758531585068
61	0.999999999995565325	-1.50487261540988015e-14	0.00000000000000000	-5.27314303333525913e-13	1.00219758531166536	0.00000000000000000	0.00440000000000000027	3832.74303737972377	1.00219758531610825
62	0.999999999995360378	-1.50344146854219929e-14	0.00000000000000000	-5.16135745254331368e-13	1.00219758531180458	0.00000000000000000	0.00440000000000000027	3895.57489045152397	1.00219758531645242
63	0.999999999995328404	-1.50370167706359581e-14	0.00000000000000000	-5.48998346783236002e-13	1.00219758531184300	0.00000000000000000	0.00440000000000000027	3958.40674352332189	1.00219758531652348
64	0.999999999995059952	-1.50296441958630567e-14	0.00000000000000000	-4.99759521960241315e-13	1.00219758531204639	0.00000000000000000	0.00440000000000000027	4021.23859659512709	1.00219758531699554
65	0.999999999994772404	-1.50209705784831726e-14	0.00000000000000000	-4.46360830241854245e-13	1.00219758531224290	0.00000000000000000	0.00440000000000000027	4084.07044966690819	1.00219758531748071
66	0.999999999994580890	-1.50122969611032886e-14	0.00000000000000000	-4.04316337354604372e-13	1.00219758531237679	0.00000000000000000	0.00440000000000000027	4146.90230273867746	1.00219758531780667
67	0.999999999994511724	-1.50092611950203292e-14	0.00000000000000000	-3.32685701903701059e-13	1.00219758531243763	0.00000000000000000	0.00440000000000000027	4209.73415581045356	1.00219758531793701
68	0.999999999994457545	-1.49979854924264799e-14	0.00000000000000000	-2.42691283736107266e-13	1.00219758531247294	0.00000000000000000	0.00440000000000000027	4272.56600888223966	1.00219758531802716
69	0.999999999994373168	-1.49914802793915669e-14	0.00000000000000000	-1.12335488133830097e-13	1.00219758531254555	0.00000000000000000	0.00440000000000000027	4335.39786195406123	1.00219758531818415
70	0.999999999994320210	-1.49815056194047003e-14	0.00000000000000000	-4.04615577154210371e-14	1.00219758531257930	0.00000000000000000	0.00440000000000000027	4398.22971502589007	1.00219758531827141
71	0.999999999994364175	-1.49550510863960540e-14	0.00000000000000000	1.34429793685608701e-13	1.00219758531251113	0.00000000000000000	0.00440000000000000027	4461.06156809768436	1.00219758531815950
72	0.999999999994342192	-1.49654594272519148e-14	0.00000000000000000	1.72351716232199692e-13	1.00219758531251957	0.00000000000000000	0.00440000000000000027	4523.89342116951866	1.00219758531819036
73	0.999999999994203415	-1.49615562994309670e-14	0.00000000000000000	2.29678689261936242e-13	1.00219758531258374	0.00000000000000000	0.00440000000000000027	4586.72527424136024	1.00219758531839354
74	0.999999999994262478	-1.49520153203130945e-14	0.00000000000000000	3.36438342463107887e-13	1.00219758531253222	0.00000000000000000	0.00440000000000000027	4649.55712731314452	1.00219758531828362
75	0.999999999994279909	-1.49502805968371177e-14	0.00000000000000000	3.98274295487777152e-13	1.00219758531249936	0.00000000000000000	0.00440000000000000027	4712.38898038493789	1.00219758531823322
76	0.999999999994190314	-1.49442090646711989e-14	0.00000000000000000	4.54413416617338584e-13	1.00219758531255621	0.00000000000000000	0.00440000000000000027	4775.22083345675037	1.00219758531837955
77	0.999999999994316546	-1.49394385751122627e-14	0.00000000000000000	5.21168611739009080e-13	1.00219758531242409	0.00000000000000000	0.00440000000000000027	4838.05268652855466	1.00219758531812109
78	0.999999999994353739	-1.49307649577323787e-14	0.00000000000000000	5.80486613638298010e-13	1.00219758531238790	0.00000000000000000	0.00440000000000000027	4900.88453960036895	1.00219758531804759
79	0.999999999994314326	-1.49203566168765178e-14	0.00000000000000000	6.48474329789650028e-13	1.00219758531235836	0.00000000000000000	0.00440000000000000027	4963.71639267218143	1.00219758531805780
80	0.999999999994325650	-1.49268618299114308e-14	0.00000000000000000	7.01757228716015646e-13	1.00219758531228953	0.00000000000000000	0.00440000000000000027	5026.54824574402937	1.00219758531797787
81	0.999999999994438671	-1.49136345634071077e-14	0.00000000000000000	6.68988735935682755e-13	1.00219758531216629	0.00000000000000000	0.00440000000000000027	5089.38009881585549	1.00219758531774139
82	0.999999999994597655	-1.48960704882128425e-14	0.00000000000000000	6.37007590773008836e-13	1.00219758531200109	0.00000000000000000	0.00440000000000000027	5152.21195188765978	1.00219758531741676
83	0.999999999994690802	-1.49049609460272237e-14	0.00000000000000000	5.98978982732645271e-13	1.00219758531189806	0.00000000000000000	0.00440000000000000027	5215.04380495945225	1.00219758531722025
84	0.999999999994693467	-1.48995399351647961e-14	0.00000000000000000	5.19473570062545242e-13	1.00219758531183567	0.00000000000000000	0.00440000000000000027	5277.87565803124016	1.00219758531715519
85	0.999999999994670929	-1.48930347221298831e-14	0.00000000000000000	4.48333427674474372e-13	1.00219758531182812	0.00000000000000000	0.00440000000000000027	5340.70751110303536	1.00219758531716963
86	0.999999999994651612	-1.48965041690818367e-14	0.00000000000000000	3.96956773007772767e-13	1.00219758531180214	0.00000000000000000	0.00440000000000000027	5403.53936417480782	1.00219758531716296
87	0.999999999994634736	-1.48841442643155020e-14	0.00000000000000000	2.68455613641749302e-13	1.00219758531178260	0.00000000000000000	0.00440000000000000027	5466.37121724662848	1.00219758531715963
88	0.999999999994714561	-1.48824095408395252e-14	0.00000000000000000	1.50224667774812026e-13	1.00219758531170755	0.00000000000000000	0.00440000000000000027	5529.20307031845095	1.00219758531700465
89	0.999999999994614863	-1.48702664765076875e-14	0.00000000000000000	2.10335221462187860e-16	1.00219758531176684	0.00000000000000000	0.00440000000000000027	5592.03492339029162	1.00219758531716407
90	0.999999999994551803	-1.48735190830251440e-14	0.00000000000000000	-1.50078951002829974e-13	1.00219758531180414	0.00000000000000000	0.00440000000000000027	5654.86677646208318	1.00219758531726399
91	0.999999999994467426	-1.48700496360731904e-14	0.00000000000000000	-2.68261975133743391e-13	1.00219758531186409	0.00000000000000000	0.00440000000000000027	5717.69862953387292	1.00219758531740877
92	0.999999999994436894	-1.48633275826037803e-14	0.00000000000000000	-3.64185894982660407e-13	1.00219758531190495	0.00000000000000000	0.00440000000000000027	5780.53048260566175	1.00219758531748004
93	0.999999999994436450	-1.48650623060797571e-14	0.00000000000000000	-4.89373949350002668e-13	1.00219758531192782	0.00000000000000000	0.00440000000000000027	5843.36233567746240	1.00219758531750269
94	0.999999999994207522	-1.48563886886998731e-14	0.00000000000000000	-5.98781874777687406e-13	1.00219758531212655	0.00000000000000000	0.00440000000000000027	5906.19418874927032	1.00219758531793057
95	0.999999999994032884	-1.48527024013134223e-14	0.00000000000000000	-6.43660472143814388e-13	1.00219758531227776	0.00000000000000000	0.00440000000000000027	5969.02604182105824	1.00219758531825698
96	0.999999999994020117	-1.48492329543614687e-14	0.00000000000000000	-7.12288734938670842e-13	1.00219758531230640	0.00000000000000000	0.00440000000000000027	6031.85789489284980	1.00219758531829828
97	0.999999999993640754	-1.48490161139269716e-14	0.00000000000000000	-7.40316662140028114e-13	1.00219758531261660	0.00000000000000000	0.00440000000000000027	6094.68974796467774	1.00219758531898906
98	0.999999999993486655	-1.48457635074095151e-14	0.00000000000000000	-6.99327531647475631e-13	1.00219758531275716	0.00000000000000000	0.00440000000000000027	6157.52160103648748	1.00219758531928371
99	0.999999999993132938	-1.48440287839335383e-14	0.00000000000000000	-5.98308512109180235e-13	1.00219758531301140	0.00000000000000000	0.00440000000000000027	6220.35345410827085	1.00219758531989278
100	0.999999999992857824	-1.48390414539401050e-14	0.00000000000000000	-4.74182759030439271e-13	1.00219758531324343	0.00000000000000000	0.00440000000000000027	6283.18530718009333	1.00219758532040060
