0	1.00000000000000000	0.00000000000000000	0.00000000000000000	-0.00000000000000000	1.00219758530940384	0.00000000000000000	0.00440000000000000027	0.00000000000000000	1.00219758530940428
1	1.00000000000001421	-2.76081241201708849e-15	0.00000000000000000	1.86734308571523400e-14	1.00219758530937564	0.00000000000000000	0.00440000000000000027	62.8318530718000261	1.00219758530936143
2	0.999999999999929612	-5.33774413558063543e-15	0.00000000000000000	6.22939200223271428e-15	1.00219758530943381	0.00000000000000000	0.00440000000000000027	125.663706143599327	1.00219758530950465
3	1.00000000000002132	-8.79418066146442357e-15	0.00000000000000000	2.99196431519099804e-14	1.00219758530936853	0.00000000000000000	0.00440000000000000027	188.495559215399510	1.00219758530934744
4	0.999999999999874878	-1.33695138293532523e-14	0.00000000000000000	-3.55262694262670209e-14	1.00219758530944714	0.00000000000000000	0.00440000000000000027	251.327412287200247	1.00219758530957259
5	0.999999999999815703	-1.85112342121485085e-14	0.00000000000000000	-4.38772282396193702e-14	1.00219758530947534	0.00000000000000000	0.00440000000000000027	314.159265359000472	1.00219758530966008
6	0.999999999999633626	-2.48269287073110689e-14	0.00000000000000000	-2.55832681428369568e-14	1.00219758530960101	0.00000000000000000	0.00440000000000000027	376.991118430803056	1.00219758530996783
7	0.999999999999443556	-2.51274695495240508e-14	0.00000000000000000	6.64485827472915958e-15	1.00219758530970604	0.00000000000000000	0.00440000000000000027	439.822971502602343	1.00219758531026359
8	0.999999999999251266	-2.48412401759878776e-14	0.00000000000000000	1.50669407505965580e-14	1.00219758530981240	0.00000000000000000	0.00440000000000000027	502.654824574402141	1.00219758531056269
9	0.999999999999082290	-2.40159454822919116e-14	0.00000000000000000	4.62629066999564742e-14	1.00219758530990521	0.00000000000000000	0.00440000000000000027	565.486677646203702	1.00219758531082537
10	0.999999999998980593	-2.38160186016855846e-14	0.00000000000000000	1.09582481977454904e-13	1.00219758530996139	0.00000000000000000	0.00440000000000000027	628.318530718005036	1.00219758531098324
11	0.999999999998881117	-2.32765196006567976e-14	0.00000000000000000	2.58061367414130771e-13	1.00219758530999248	0.00000000000000000	0.00440000000000000027	691.150383789806483	1.00219758531111425
12	0.999999999998952283	-2.23293605827734609e-14	0.00000000000000000	2.32516263187765304e-13	1.00219758530988523	0.00000000000000000	0.00440000000000000027	753.982236861606339	1.00219758531093639
13	0.999999999998931632	-2.22599716437343886e-14	0.00000000000000000	1.28580306124614907e-13	1.00219758530984770	0.00000000000000000	0.00440000000000000027	816.814089933409036	1.00219758531091929
14	0.999999999998861022	-2.13518439040605301e-14	0.00000000000000000	-3.12571149518880986e-14	1.00219758530987080	0.00000000000000000	0.00440000000000000027	879.645943005206846	1.00219758531101233
15	0.999999999998777755	-2.10040318471271803e-14	0.00000000000000000	-2.13553133510124837e-13	1.00219758530996783	0.00000000000000000	0.00440000000000000027	942.477796077007838	1.00219758531119196
16	0.999999999998521516	-2.04974925921419526e-14	0.00000000000000000	-2.40939646706239685e-13	1.00219758531019520	0.00000000000000000	0.00440000000000000027	1005.30964914880894	1.00219758531167691
17	0.999999999998345102	-2.01184555126410203e-14	0.00000000000000000	-2.23549477540441188e-13	1.00219758531035508	0.00000000000000000	0.00440000000000000027	1068.14150222060789	1.00219758531201286
18	0.999999999998258615	-1.95225779986429870e-14	0.00000000000000000	-1.47539966355303420e-13	1.00219758531042169	0.00000000000000000	0.00440000000000000027	1130.97335529241036	1.00219758531216629
19	0.999999999998313349	-1.91244589609063098e-14	0.00000000000000000	4.55607773730548615e-14	1.00219758531038661	0.00000000000000000	0.00440000000000000027	1193.80520836421010	1.00219758531207681
20	0.999999999998359868	-1.84852133600088564e-14	0.00000000000000000	1.70165964652468915e-13	1.00219758531035796	0.00000000000000000	0.00440000000000000027	1256.63706143602053	1.00219758531200176
21	0.999999999998542943	-1.83290882471709438e-14	0.00000000000000000	2.37734311403503540e-13	1.00219758531016478	0.00000000000000000	0.00440000000000000027	1319.46891450782186	1.00219758531162606
22	0.999999999998573696	-1.77280065627449801e-14	0.00000000000000000	2.00530564375966946e-13	1.00219758531007330	0.00000000000000000	0.00440000000000000027	1382.30076757961797	1.00219758531150460
23	0.999999999998532618	-1.74174910605451316e-14	0.00000000000000000	1.04807655609828743e-13	1.00219758531005421	0.00000000000000000	0.00440000000000000027	1445.13262065142044	1.00219758531152614
24	0.999999999998430145	-1.69500915039866307e-14	0.00000000000000000	2.04208394985472275e-14	1.00219758531010572	0.00000000000000000	0.00440000000000000027	1507.96447372321700	1.00219758531167935
25	0.999999999998320788	-1.67626329483638870e-14	0.00000000000000000	-1.07672551430404440e-13	1.00219758531021075	0.00000000000000000	0.00440000000000000027	1570.79632679502129	1.00219758531189274
26	0.999999999998111178	-1.63532382080333605e-14	0.00000000000000000	-9.40059662057901591e-14	1.00219758531035530	0.00000000000000000	0.00440000000000000027	1633.62817986682830	1.00219758531224845
27	0.999999999997926214	-1.59869947141677571e-14	0.00000000000000000	-6.81754999676265072e-14	1.00219758531047898	0.00000000000000000	0.00440000000000000027	1696.46003293862987	1.00219758531255643
28	0.999999999997735811	-1.57946572487688286e-14	0.00000000000000000	-4.35467634174457885e-14	1.00219758531060443	0.00000000000000000	0.00440000000000000027	1759.29188601041801	1.00219758531287306
29	0.999999999997660871	-1.54017423814600818e-14	0.00000000000000000	7.14454537198427886e-14	1.00219758531065328	0.00000000000000000	0.00440000000000000027	1822.12373908220593	1.00219758531299763
30	0.999999999997650879	-1.52239332251724591e-14	0.00000000000000000	1.48419904838492656e-13	1.00219758531062531	0.00000000000000000	0.00440000000000000027	1884.95559215400772	1.00219758531298009
31	0.999999999997675082	-1.49012746586407729e-14	0.00000000000000000	1.43324588308679779e-13	1.00219758531054826	0.00000000000000000	0.00440000000000000027	1947.78744522581019	1.00219758531287972
32	0.999999999997742473	-1.47642315040386052e-14	0.00000000000000000	7.93271698329434116e-14	1.00219758531045944	0.00000000000000000	0.00440000000000000027	2010.61929829761220	1.00219758531272229
33	0.999999999997649214	-1.44884104713582929e-14	0.00000000000000000	-8.73268471424104575e-14	1.00219758531050895	0.00000000000000000	0.00440000000000000027	2073.45115136940922	1.00219758531286462
34	0.999999999997512212	-1.43188412515815600e-14	0.00000000000000000	-1.84901139538284909e-13	1.00219758531063419	0.00000000000000000	0.00440000000000000027	2136.28300444121442	1.00219758531312642
35	0.999999999997244982	-1.41137102005473025e-14	0.00000000000000000	-1.83848379228801484e-13	1.00219758531082936	0.00000000000000000	0.00440000000000000027	2199.11485751301552	1.00219758531359004
36	0.999999999997096989	-1.40009531746088101e-14	0.00000000000000000	-1.08024239510104425e-13	1.00219758531096259	0.00000000000000000	0.00440000000000000027	2261.94671058479480	1.00219758531387271
37	0.999999999996885269	-1.40165656858926013e-14	0.00000000000000000	6.84938217254682513e-14	1.00219758531108272	0.00000000000000000	0.00440000000000000027	2324.77856365658681	1.00219758531420489
38	0.999999999996806332	-1.42767742072891224e-14	0.00000000000000000	2.05802389019460463e-13	1.00219758531106762	0.00000000000000000	0.00440000000000000027	2387.61041672839792	1.00219758531426995
39	0.999999999996935118	-1.47035161823794169e-14	0.00000000000000000	2.43435480107301316e-13	1.00219758531091396	0.00000000000000000	0.00440000000000000027	2450.44226980019084	1.00219758531398573
40	0.999999999997131073	-1.49914802793915669e-14	0.00000000000000000	2.92283558467332227e-13	1.00219758531077763	0.00000000000000000	0.00440000000000000027	2513.27412287199013	1.00219758531365577
41	0.999999999997193134	-1.52443162260151865e-14	0.00000000000000000	2.42908124170604367e-13	1.00219758531072167	0.00000000000000000	0.00440000000000000027	2576.10597594378623	1.00219758531353564
42	0.999999999997358002	-1.52831306637901676e-14	0.00000000000000000	1.82772633833261366e-13	1.00219758531060621	0.00000000000000000	0.00440000000000000027	2638.93782901558325	1.00219758531325498
43	0.999999999997465805	-1.55794431175304560e-14	0.00000000000000000	1.31916179368918307e-13	1.00219758531054737	0.00000000000000000	0.00440000000000000027	2701.76968208737890	1.00219758531308734
44	0.999999999997661537	-1.56714918819744753e-14	0.00000000000000000	1.30681923615760809e-13	1.00219758531042524	0.00000000000000000	0.00440000000000000027	2764.60153515917818	1.00219758531277003
45	0.999999999997707278	-1.57304724801576867e-14	0.00000000000000000	3.61950053262560800e-14	1.00219758531038283	0.00000000000000000	0.00440000000000000027	2827.43338823095519	1.00219758531268077
46	0.999999999997738143	-1.58276169948123879e-14	0.00000000000000000	2.87669194021233920e-14	1.00219758531036263	0.00000000000000000	0.00440000000000000027	2890.26524130275629	1.00219758531262926
47	0.999999999997724931	-1.59785379372223701e-14	0.00000000000000000	9.79771819231700647e-15	1.00219758531036818	0.00000000000000000	0.00440000000000000027	2953.09709437456468	1.00219758531264813
48	0.999999999997719491	-1.60297122797636860e-14	0.00000000000000000	-8.01355509727486037e-15	1.00219758531037195	0.00000000000000000	0.00440000000000000027	3015.92894744635396	1.00219758531265790
49	0.999999999997740141	-1.60852234309949438e-14	0.00000000000000000	-4.57828219779798928e-14	1.00219758531039238	0.00000000000000000	0.00440000000000000027	3078.76080051813824	1.00219758531265746
50	0.999999999997728595	-1.62578284168546361e-14	0.00000000000000000	-1.13493849734913610e-13	1.00219758531038350	0.00000000000000000	0.00440000000000000027	3141.59265358994571	1.00219758531265968
51	0.999999999997834954	-1.64623089465854022e-14	0.00000000000000000	-1.11521902823596974e-13	1.00219758531034131	0.00000000000000000	0.00440000000000000027	3204.42450666174636	1.00219758531251091
52	0.999999999998007816	-1.64339028496662820e-14	0.00000000000000000	-9.99218069397400654e-14	1.00219758531027936	0.00000000000000000	0.00440000000000000027	3267.25635973353201	1.00219758531227554
53	0.999999999998079758	-1.66654884337091858e-14	0.00000000000000000	-1.95464304464376681e-13	1.00219758531024339	0.00000000000000000	0.00440000000000000027	3330.08821280533402	1.00219758531216652
54	0.999999999998089861	-1.68927372090621475e-14	0.00000000000000000	-2.42737253908220652e-13	1.00219758531027270	0.00000000000000000	0.00440000000000000027	3392.92006587713922	1.00219758531218628
55	0.999999999998077760	-1.69709081856983524e-14	0.00000000000000000	-2.39481611624681179e-13	1.00219758531031111	0.00000000000000000	0.00440000000000000027	3455.75191894895579	1.00219758531223757
56	0.999999999998173128	-1.71247564739740454e-14	0.00000000000000000	-2.51183188831882731e-13	1.00219758531028402	0.00000000000000000	0.00440000000000000027	3518.58377202076463	1.00219758531211434
57	0.999999999998215539	-1.71876401999782047e-14	0.00000000000000000	-2.61952785851615744e-13	1.00219758531030267	0.00000000000000000	0.00440000000000000027	3581.41562509257119	1.00219758531208902
58	0.999999999998257949	-1.73121066093795406e-14	0.00000000000000000	-2.73959240709720220e-13	1.00219758531030201	0.00000000000000000	0.00440000000000000027	3644.24747816437730	1.00219758531204728
59	0.999999999998320788	-1.74205268266280910e-14	0.00000000000000000	-2.65849408459528647e-13	1.00219758531030867	0.00000000000000000	0.00440000000000000027	3707.07933123619523	1.00219758531199044
60	0.999999999998445355	-1.76707606880377455e-14	0.00000000000000000	-1.95371063077542928e-13	1.00219758531026071	0.00000000000000000	0.00440000000000000027	3769.91118430799497	1.00219758531181768
61	0.999999999998499645	-1.77193329453650961e-14	0.00000000000000000	-1.14818744789690896e-13	1.00219758531025938	0.00000000000000000	0.00440000000000000027	3832.74303737977607	1.00219758531176262
62	0.999999999998429701	-1.80706144492503995e-14	0.00000000000000000	1.55171014926125395e-15	1.00219758531032666	0.00000000000000000	0.00440000000000000027	3895.57489045157081	1.00219758531190006
63	0.999999999998487210	-1.82371479029441730e-14	0.00000000000000000	1.18096504797549073e-13	1.00219758531029712	0.00000000000000000	0.00440000000000000027	3958.40674352335736	1.00219758531181391
64	0.999999999998629319	-1.87402177109774470e-14	0.00000000000000000	1.83263126896093809e-13	1.00219758531021008	0.00000000000000000	0.00440000000000000027	4021.23859659515392	1.00219758531158565
65	0.999999999998754108	-1.90056304028018985e-14	0.00000000000000000	2.27724089585379375e-13	1.00219758531011838	0.00000000000000000	0.00440000000000000027	4084.07044966695094	1.00219758531136893
66	0.999999999998839817	-1.94583932300318452e-14	0.00000000000000000	2.72235359255468268e-13	1.00219758531003089	0.00000000000000000	0.00440000000000000027	4146.90230273875477	1.00219758531119552
67	0.999999999998865241	-1.99961846126389675e-14	0.00000000000000000	2.75706324090463362e-13	1.00219758530999048	0.00000000000000000	0.00440000000000000027	4209.73415581057543	1.00219758531112779
68	0.999999999998967160	-2.02953973071906546e-14	0.00000000000000000	3.55230601878364638e-13	1.00219758530993475	0.00000000000000000	0.00440000000000000027	4272.56600888237244	1.00219758531097125
69	0.999999999999029221	-2.06978531536172738e-14	0.00000000000000000	3.79873216216353171e-13	1.00219758530988634	0.00000000000000000	0.00440000000000000027	4335.39786195415854	1.00219758531086089
70	0.999999999999113154	-2.15162089534093326e-14	0.00000000000000000	3.69601051153356508e-13	1.00219758530984571	0.00000000000000000	0.00440000000000000027	4398.22971502597829	1.00219758531073633
71	0.999999999999086731	-2.21576229586517570e-14	0.00000000000000000	4.07684302983213342e-13	1.00219758530982928	0.00000000000000000	0.00440000000000000027	4461.06156809778531	1.00219758531074943
72	0.999999999999072520	-2.27196733648682425e-14	0.00000000000000000	4.47141455806043808e-13	1.00219758530982928	0.00000000000000000	0.00440000000000000027	4523.89342116955322	1.00219758531076186
73	0.999999999998957390	-2.31828716380083621e-14	0.00000000000000000	4.51426927523118637e-13	1.00219758530987502	0.00000000000000000	0.00440000000000000027	4586.72527424134205	1.00219758531092018
74	0.999999999998949840	-2.36048160184854083e-14	0.00000000000000000	4.27760474611127428e-13	1.00219758530986947	0.00000000000000000	0.00440000000000000027	4649.55712731314998	1.00219758531092307
75	0.999999999998960054	-2.41022479752217578e-14	0.00000000000000000	3.94518619162287365e-13	1.00219758530986169	0.00000000000000000	0.00440000000000000027	4712.38898038494335	1.00219758531090619
76	0.999999999998949618	-2.44613357347489568e-14	0.00000000000000000	4.03077744792756931e-13	1.00219758530984882	0.00000000000000000	0.00440000000000000027	4775.22083345670944	1.00219758531090375
77	0.999999999998729017	-2.48100693635289193e-14	0.00000000000000000	4.32586231375806096e-13	1.00219758530999070	0.00000000000000000	0.00440000000000000027	4838.05268652851100	1.00219758531126457
78	0.999999999998672950	-2.53113502379775923e-14	0.00000000000000000	4.81754393322209040e-13	1.00219758531002001	0.00000000000000000	0.00440000000000000027	4900.88453960032075	1.00219758531135206
79	0.999999999998516964	-2.59844229466565935e-14	0.00000000000000000	4.94681552665188207e-13	1.00219758531009129	0.00000000000000000	0.00440000000000000027	4963.71639267216869	1.00219758531158099
80	0.999999999998505751	-2.63573884939916070e-14	0.00000000000000000	4.79337923520173348e-13	1.00219758531009728	0.00000000000000000	0.00440000000000000027	5026.54824574396571	1.00219758531159830
81	0.999999999998433808	-2.68864791541645332e-14	0.00000000000000000	4.88467881594456532e-13	1.00219758531012348	0.00000000000000000	0.00440000000000000027	5089.38009881576545	1.00219758531169356
82	0.999999999998340328	-2.74892955620664736e-14	0.00000000000000000	4.93135046686354883e-13	1.00219758531019920	0.00000000000000000	0.00440000000000000027	5152.21195188758611	1.00219758531186609
83	0.999999999998395839	-2.84616080703514740e-14	0.00000000000000000	4.34001792837257483e-13	1.00219758531015679	0.00000000000000000	0.00440000000000000027	5215.04380495934674	1.00219758531176750
84	0.999999999998393840	-2.99969467668081968e-14	0.00000000000000000	4.69085274096281424e-13	1.00219758531013614	0.00000000000000000	0.00440000000000000027	5277.87565803112921	1.00219758531174619
85	0.999999999998307798	-3.16743159478605207e-14	0.00000000000000000	4.65906827007422919e-13	1.00219758531015501	0.00000000000000000	0.00440000000000000027	5340.70751110290530	1.00219758531185521
86	0.999999999998221645	-3.35955221975048346e-14	0.00000000000000000	4.75144229516999417e-13	1.00219758531020475	0.00000000000000000	0.00440000000000000027	5403.53936417471596	1.00219758531198955
87	0.999999999998193334	-3.60128593612785153e-14	0.00000000000000000	4.59076353320764241e-13	1.00219758531020919	0.00000000000000000	0.00440000000000000027	5466.37121724648659	1.00219758531202152
88	0.999999999998179567	-3.79080447587831770e-14	0.00000000000000000	4.31981707349482491e-13	1.00219758531023406	0.00000000000000000	0.00440000000000000027	5529.20307031828634	1.00219758531206127
89	0.999999999998081202	-3.93799576281494979e-14	0.00000000000000000	4.46592415825897149e-13	1.00219758531029135	0.00000000000000000	0.00440000000000000027	5592.03492339006516	1.00219758531221803
90	0.999999999998057554	-4.07243683220315233e-14	0.00000000000000000	4.51071471840869265e-13	1.00219758531031666	0.00000000000000000	0.00440000000000000027	5654.86677646186490	1.00219758531226644
91	0.999999999998017697	-4.23350590694759887e-14	0.00000000000000000	4.18718879013901812e-13	1.00219758531034109	0.00000000000000000	0.00440000000000000027	5717.69862953365100	1.00219758531233105
92	0.999999999997840394	-4.38191150031741472e-14	0.00000000000000000	4.12812145578200784e-13	1.00219758531042658	0.00000000000000000	0.00440000000000000027	5780.53048260542619	1.00219758531259351
93	0.999999999997718825	-4.55876655869325020e-14	0.00000000000000000	4.24993373826509924e-13	1.00219758531048564	0.00000000000000000	0.00440000000000000027	5843.36233567721138	1.00219758531277381
94	0.999999999997609246	-4.71176916927440459e-14	0.00000000000000000	4.12486017564717145e-13	1.00219758531052272	0.00000000000000000	0.00440000000000000027	5906.19418874903477	1.00219758531292080
95	0.999999999997451150	-4.88949158938822848e-14	0.00000000000000000	3.72058286957077655e-13	1.00219758531061198	0.00000000000000000	0.00440000000000000027	5969.02604182085724	1.00219758531316883
96	0.999999999997317479	-5.07926762715465996e-14	0.00000000000000000	3.39695394209471591e-13	1.00219758531063152	0.00000000000000000	0.00440000000000000027	6031.85789489264516	1.00219758531331982
97	0.999999999997213895	-5.28925861442708367e-14	0.00000000000000000	3.21722683216396632e-13	1.00219758531067638	0.00000000000000000	0.00440000000000000027	6094.68974796446673	1.00219758531347058
98	0.999999999997133182	-5.52665010110364729e-14	0.00000000000000000	2.54099692675868738e-13	1.00219758531068970	0.00000000000000000	0.00440000000000000027	6157.52160103626011	1.00219758531356273
99	0.999999999996892375	-5.77571844517787980e-14	0.00000000000000000	2.49216879771863020e-13	1.00219758531081449	0.00000000000000000	0.00440000000000000027	6220.35345410805348	1.00219758531392911
100	0.999999999996872946	-6.02044455955130786e-14	0.00000000000000000	2.44283759887053975e-13	1.00219758531077741	0.00000000000000000	0.00440000000000000027	6283.18530717985686	1.00219758531391312
