0	1.00000000000000000	0.00000000000000000	0.00000000000000000	-0.00000000000000000	1.00219758530940384	0.00000000000000000	0.00440000000000000027	0.00000000000000000	1.00219758530940428
1	1.00000000000018674	-3.03267610676782873e-15	0.00000000000000000	-1.06735800753376964e-13	1.00219758530927061	0.00000000000000000	0.00440000000000000027	62.8318530717999408	1.00219758530908343
2	0.999999999999939160	-6.30658719691368219e-15	0.00000000000000000	-1.46630971253891573e-13	1.00219758530943270	0.00000000000000000	0.00440000000000000027	125.663706143599896	1.00219758530949332
3	0.999999999999531708	-8.82627304576999450e-15	0.00000000000000000	-1.12563170590052053e-13	1.00219758530971004	0.00000000000000000	0.00440000000000000027	188.495559215397520	1.00219758531017900
4	0.999999999999525047	-1.14769305170625557e-14	0.00000000000000000	-5.55944721682133380e-14	1.00219758530972713	0.00000000000000000	0.00440000000000000027	251.327412287198570	1.00219758531020320
5	0.999999999999429345	-1.44125163192843075e-14	0.00000000000000000	-4.85145777717743698e-14	1.00219758530979419	0.00000000000000000	0.00440000000000000027	314.159265358998027	1.00219758531036618
6	0.999999999999469313	-1.75931318124877833e-14	0.00000000000000000	1.38821137744826739e-13	1.00219758530979175	0.00000000000000000	0.00440000000000000027	376.991118430799133	1.00219758531032399
7	0.999999999999378164	-2.10699513392142990e-14	0.00000000000000000	2.34007691696236364e-13	1.00219758530975356	0.00000000000000000	0.00440000000000000027	439.822971502595919	1.00219758531037750
8	0.999999999999138245	-2.48898124333152282e-14	0.00000000000000000	2.27113466921835538e-13	1.00219758530986791	0.00000000000000000	0.00440000000000000027	502.654824574394411	1.00219758531073189
9	0.999999999999175548	-2.89570884631773495e-14	0.00000000000000000	3.02071301999662367e-13	1.00219758530980219	0.00000000000000000	0.00440000000000000027	565.486677646193584	1.00219758531062886
10	0.999999999999309774	-3.35009797680640986e-14	0.00000000000000000	1.43795674152624731e-13	1.00219758530958925	0.00000000000000000	0.00440000000000000027	628.318530717989916	1.00219758531028136
11	0.999999999999084843	-3.85902247657110564e-14	0.00000000000000000	-9.74988319246694601e-14	1.00219758530978664	0.00000000000000000	0.00440000000000000027	691.150383789792386	1.00219758531070413
12	0.999999999998906208	-4.29101199017623003e-14	0.00000000000000000	-1.53424365226251247e-13	1.00219758530993763	0.00000000000000000	0.00440000000000000027	753.982236861587012	1.00219758531103387
13	0.999999999998439693	-4.37124295094015736e-14	0.00000000000000000	-9.87302687521784961e-14	1.00219758531032777	0.00000000000000000	0.00440000000000000027	816.814089933387891	1.00219758531189096
14	0.999999999998159472	-4.27778472367190687e-14	0.00000000000000000	1.62911405286042532e-13	1.00219758531049963	0.00000000000000000	0.00440000000000000027	879.645943005189906	1.00219758531234437
15	0.999999999998096079	-4.10743487833098442e-14	0.00000000000000000	3.07273737704116812e-13	1.00219758531039682	0.00000000000000000	0.00440000000000000027	942.477796076983736	1.00219758531230552
16	0.999999999998082867	-3.92086536848967881e-14	0.00000000000000000	2.55907057697402074e-13	1.00219758531032799	0.00000000000000000	0.00440000000000000027	1005.30964914878962	1.00219758531224978
17	0.999999999998000932	-3.73156909018457217e-14	0.00000000000000000	1.70438207817980025e-13	1.00219758531029379	0.00000000000000000	0.00440000000000000027	1068.14150222059516	1.00219758531229752
18	0.999999999997918887	-3.54837687011055891e-14	0.00000000000000000	-8.48118233628958329e-14	1.00219758531031267	0.00000000000000000	0.00440000000000000027	1130.97335529241036	1.00219758531239811
19	0.999999999997611577	-3.37473105016528052e-14	0.00000000000000000	-2.98512083107826953e-13	1.00219758531052938	0.00000000000000000	0.00440000000000000027	1193.80520836420419	1.00219758531292280
20	0.999999999997315259	-3.21249103707454964e-14	0.00000000000000000	-2.78597023922744214e-13	1.00219758531079983	0.00000000000000000	0.00440000000000000027	1256.63706143600484	1.00219758531348968
21	0.999999999997116196	-3.07527441012478420e-14	0.00000000000000000	-1.71036362156540278e-13	1.00219758531098790	0.00000000000000000	0.00440000000000000027	1319.46891450780322	1.00219758531387759
22	0.999999999996917577	-3.21677363565586738e-14	0.00000000000000000	7.46346344102088999e-14	1.00219758531113889	0.00000000000000000	0.00440000000000000027	1382.30076757959068	1.00219758531422820
23	0.999999999996975641	-3.70710406816243676e-14	0.00000000000000000	2.91141676739270494e-13	1.00219758531101188	0.00000000000000000	0.00440000000000000027	1445.13262065138952	1.00219758531404368
24	0.999999999997023936	-4.11352809454035295e-14	0.00000000000000000	4.10749342524829864e-13	1.00219758531087288	0.00000000000000000	0.00440000000000000027	1507.96447372320131	1.00219758531385583
25	0.999999999997176703	-4.67889615940464410e-14	0.00000000000000000	4.29759960257625195e-13	1.00219758531065128	0.00000000000000000	0.00440000000000000027	1570.79632679500105	1.00219758531348235
26	0.999999999997009836	-5.21136953035572503e-14	0.00000000000000000	9.73099639062224853e-14	1.00219758531067327	0.00000000000000000	0.00440000000000000027	1633.62817986681489	1.00219758531367020
27	0.999999999996695088	-5.26393165167782229e-14	0.00000000000000000	-2.33201045279907149e-13	1.00219758531088821	0.00000000000000000	0.00440000000000000027	1696.46003293860394	1.00219758531419956
28	0.999999999996286859	-5.18378742708769380e-14	0.00000000000000000	-3.95413302795022403e-13	1.00219758531121439	0.00000000000000000	0.00440000000000000027	1759.29188601039868	1.00219758531493452
29	0.999999999995782263	-5.05741282186278340e-14	0.00000000000000000	-4.47035203993140229e-13	1.00219758531162451	0.00000000000000000	0.00440000000000000027	1822.12373908219183	1.00219758531585001
30	0.999999999995294986	-4.89714605672597614e-14	0.00000000000000000	-1.16920145440402301e-13	1.00219758531201619	0.00000000000000000	0.00440000000000000027	1884.95559215399180	1.00219758531673175
31	0.999999999995180522	-4.72842251464378194e-14	0.00000000000000000	1.93530087788662541e-13	1.00219758531203862	0.00000000000000000	0.00440000000000000027	1947.78744522579450	1.00219758531686876
32	0.999999999995234923	-4.54037848984789605e-14	0.00000000000000000	5.62525937289337641e-13	1.00219758531187009	0.00000000000000000	0.00440000000000000027	2010.61929829759879	1.00219758531664627
33	0.999999999995378475	-4.37471239789211097e-14	0.00000000000000000	4.99278840927069867e-13	1.00219758531156922	0.00000000000000000	0.00440000000000000027	2073.45115136940012	1.00219758531620129
34	0.999999999995493605	-4.29821109260153378e-14	0.00000000000000000	1.39865983378451020e-13	1.00219758531137071	0.00000000000000000	0.00440000000000000027	2136.28300444119350	1.00219758531588710
35	0.999999999995497935	-4.22348787887383281e-14	0.00000000000000000	-2.29245875754680029e-13	1.00219758531136871	0.00000000000000000	0.00440000000000000027	2199.11485751301052	1.00219758531587977
36	0.999999999995643374	-4.13657823272739478e-14	0.00000000000000000	-4.94353689928228590e-13	1.00219758531136383	0.00000000000000000	0.00440000000000000027	2261.94671058480799	1.00219758531572900
37	0.999999999995558886	-4.02360436635440522e-14	0.00000000000000000	-5.71356330303363080e-13	1.00219758531147440	0.00000000000000000	0.00440000000000000027	2324.77856365658317	1.00219758531592240
38	0.999999999995346056	-3.94363361411187441e-14	0.00000000000000000	-5.85911961309415474e-13	1.00219758531173264	0.00000000000000000	0.00440000000000000027	2387.61041672839019	1.00219758531639602
39	0.999999999995305866	-3.86799967055928562e-14	0.00000000000000000	-5.34426019063727331e-13	1.00219758531188696	0.00000000000000000	0.00440000000000000027	2450.44226980017902	1.00219758531659053
40	0.999999999995074829	-3.83408582660393904e-14	0.00000000000000000	-2.98283099608998015e-13	1.00219758531209124	0.00000000000000000	0.00440000000000000027	2513.27412287197740	1.00219758531702641
41	0.999999999994949595	-3.80737108507389621e-14	0.00000000000000000	-1.22736890095787032e-13	1.00219758531223202	0.00000000000000000	0.00440000000000000027	2576.10597594377123	1.00219758531729353
42	0.999999999994994559	-3.75368139349241403e-14	0.00000000000000000	1.37557933793663878e-13	1.00219758531221381	0.00000000000000000	0.00440000000000000027	2638.93782901557961	1.00219758531723047
43	0.999999999995176303	-3.69747635287076548e-14	0.00000000000000000	3.48878044509337570e-13	1.00219758531206660	0.00000000000000000	0.00440000000000000027	2701.76968208734343	1.00219758531690162
44	0.999999999995517364	-3.63487451943145246e-14	0.00000000000000000	5.49249664846818142e-13	1.00219758531173020	0.00000000000000000	0.00440000000000000027	2764.60153515912634	1.00219758531622349
45	0.999999999995799360	-3.62273145509961481e-14	0.00000000000000000	4.78752020666162181e-13	1.00219758531143022	0.00000000000000000	0.00440000000000000027	2827.43338823093973	1.00219758531564040
46	0.999999999995923150	-3.59855374665318806e-14	0.00000000000000000	1.84569807354373339e-13	1.00219758531123349	0.00000000000000000	0.00440000000000000027	2890.26524130272310	1.00219758531531999
47	0.999999999995804134	-3.54646867428698442e-14	0.00000000000000000	-1.35675813032337667e-13	1.00219758531132008	0.00000000000000000	0.00440000000000000027	2953.09709437451693	1.00219758531552494
48	0.999999999995414335	-3.52201991529743630e-14	0.00000000000000000	-3.68275397157058482e-13	1.00219758531162428	0.00000000000000000	0.00440000000000000027	3015.92894744632576	1.00219758531621972
49	0.999999999994889754	-3.51489670702420653e-14	0.00000000000000000	-3.93277343200063023e-13	1.00219758531204395	0.00000000000000000	0.00440000000000000027	3078.76080051812960	1.00219758531716541
50	0.999999999994522271	-3.50639656199192018e-14	0.00000000000000000	-1.84694273763774675e-13	1.00219758531234548	0.00000000000000000	0.00440000000000000027	3141.59265358990888	1.00219758531783421
51	0.999999999994288014	-3.45782430466456958e-14	0.00000000000000000	1.55991539130262424e-13	1.00219758531248471	0.00000000000000000	0.00440000000000000027	3204.42450666168679	1.00219758531820924
52	0.999999999994295119	-3.39572120422459989e-14	0.00000000000000000	4.29629855996926935e-13	1.00219758531239700	0.00000000000000000	0.00440000000000000027	3267.25635973345788	1.00219758531811576
53	0.999999999994439004	-3.34671526602825509e-14	0.00000000000000000	4.62494409089742042e-13	1.00219758531214742	0.00000000000000000	0.00440000000000000027	3330.08821280525262	1.00219758531772096
54	0.999999999994636735	-3.29484703409654855e-14	0.00000000000000000	2.96488961853969002e-13	1.00219758531191139	0.00000000000000000	0.00440000000000000027	3392.92006587705873	1.00219758531728709
55	0.999999999994521716	-3.27324972682063731e-14	0.00000000000000000	-5.64667670260865506e-14	1.00219758531195491	0.00000000000000000	0.00440000000000000027	3455.75191894883210	1.00219758531744541
56	0.999999999994273692	-3.26804555639270689e-14	0.00000000000000000	-2.58694433062645057e-13	1.00219758531215697	0.00000000000000000	0.00440000000000000027	3518.58377202063639	1.00219758531789593
57	0.999999999993700817	-3.27760821955402903e-14	0.00000000000000000	-3.48261350313627815e-13	1.00219758531257885	0.00000000000000000	0.00440000000000000027	3581.41562509242249	1.00219758531889158
58	0.999999999993345212	-3.24102723825436811e-14	0.00000000000000000	-1.91113184305757855e-13	1.00219758531288905	0.00000000000000000	0.00440000000000000027	3644.24747816422314	1.00219758531955794
59	0.999999999993123057	-3.22205370023587179e-14	0.00000000000000000	4.64528589205759346e-14	1.00219758531301384	0.00000000000000000	0.00440000000000000027	3707.07933123599923	1.00219758531990588
60	0.999999999992939981	-3.23083573783300437e-14	0.00000000000000000	2.93136175055774828e-13	1.00219758531307490	0.00000000000000000	0.00440000000000000027	3769.91118430782126	1.00219758532015213
61	0.999999999993059219	-3.23174646765789220e-14	0.00000000000000000	4.86628966289703868e-13	1.00219758531285108	0.00000000000000000	0.00440000000000000027	3832.74303737962236	1.00219758531980796
62	0.999999999993134270	-3.17905424207509668e-14	0.00000000000000000	4.05992947594135956e-13	1.00219758531271008	0.00000000000000000	0.00440000000000000027	3895.57489045142938	1.00219758531959258
63	0.999999999993196553	-3.19640147683486475e-14	0.00000000000000000	1.87503658433119114e-13	1.00219758531257153	0.00000000000000000	0.00440000000000000027	3958.40674352322230	1.00219758531939118
64	0.999999999993130051	-3.22658566531686120e-14	0.00000000000000000	-2.03525564457240904e-13	1.00219758531261083	0.00000000000000000	0.00440000000000000027	4021.23859659501522	1.00219758531949510
65	0.999999999993084754	-3.21730489472038528e-14	0.00000000000000000	-3.91269482091782805e-13	1.00219758531270609	0.00000000000000000	0.00440000000000000027	4084.07044966679359	1.00219758531963499
66	0.999999999992664979	-3.18581966363140623e-14	0.00000000000000000	-4.49534140922920600e-13	1.00219758531305314	0.00000000000000000	0.00440000000000000027	4146.90230273860107	1.00219758532040437
67	0.999999999992129962	-3.19059015319034245e-14	0.00000000000000000	-3.09943910814514112e-13	1.00219758531350234	0.00000000000000000	0.00440000000000000027	4209.73415581042445	1.00219758532138958
68	0.999999999991843191	-3.20754707516801574e-14	0.00000000000000000	-9.70946413547668641e-15	1.00219758531373793	0.00000000000000000	0.00440000000000000027	4272.56600888221146	1.00219758532191272
69	0.999999999991829536	-3.15203592393675791e-14	0.00000000000000000	2.93897718661728646e-13	1.00219758531369085	0.00000000000000000	0.00440000000000000027	4335.39786195399302	1.00219758532188030
70	0.999999999991889932	-3.11408884789976526e-14	0.00000000000000000	5.29829652373692284e-13	1.00219758531351411	0.00000000000000000	0.00440000000000000027	4398.22971502580458	1.00219758532164360
71	0.999999999992303712	-3.12657885692679827e-14	0.00000000000000000	5.08146801546371929e-13	1.00219758531315217	0.00000000000000000	0.00440000000000000027	4461.06156809758795	1.00219758532086578
72	0.999999999992613797	-3.13863535449142653e-14	0.00000000000000000	3.36752147841274871e-13	1.00219758531285863	0.00000000000000000	0.00440000000000000027	4523.89342116935768	1.00219758532026115
73	0.999999999992533861	-3.12896410170626638e-14	0.00000000000000000	3.55655175449109962e-13	1.00219758531288305	0.00000000000000000	0.00440000000000000027	4586.72527424116652	1.00219758532036640
74	0.999999999992717048	-3.10849436468974005e-14	0.00000000000000000	2.08336820017862578e-13	1.00219758531276382	0.00000000000000000	0.00440000000000000027	4649.55712731294352	1.00219758532006287
75	0.999999999992754907	-3.11044592860021396e-14	0.00000000000000000	1.53312692402485240e-13	1.00219758531272807	0.00000000000000000	0.00440000000000000027	4712.38898038475872	1.00219758531998893
76	0.999999999992663424	-3.12902915383661551e-14	0.00000000000000000	1.08731600112488280e-13	1.00219758531279468	0.00000000000000000	0.00440000000000000027	4775.22083345652300	1.00219758532014747
77	0.999999999992685962	-3.08910882984569923e-14	0.00000000000000000	-1.15459941954498824e-13	1.00219758531281045	0.00000000000000000	0.00440000000000000027	4838.05268652831546	1.00219758532014080
78	0.999999999992630118	-3.09239396242833031e-14	0.00000000000000000	-3.14366371476082485e-13	1.00219758531288128	0.00000000000000000	0.00440000000000000027	4900.88453960012157	1.00219758532026737
79	0.999999999992491895	-3.11304801381417917e-14	0.00000000000000000	-4.37445218937071445e-13	1.00219758531305070	0.00000000000000000	0.00440000000000000027	4963.71639267194951	1.00219758532057357
80	0.999999999992471467	-3.13022177622634956e-14	0.00000000000000000	-5.38230918167847960e-13	1.00219758531316727	0.00000000000000000	0.00440000000000000027	5026.54824574374925	1.00219758532071057
81	0.999999999992344679	-3.10302998574041311e-14	0.00000000000000000	-5.18244735320250172e-13	1.00219758531328229	0.00000000000000000	0.00440000000000000027	5089.38009881558628	1.00219758532095371
82	0.999999999992439159	-3.13512237004598404e-14	0.00000000000000000	-4.08830087839096024e-13	1.00219758531333225	0.00000000000000000	0.00440000000000000027	5152.21195188736056	1.00219758532090863
83	0.999999999992183364	-3.14262504907958373e-14	0.00000000000000000	-7.52644474522057294e-14	1.00219758531353942	0.00000000000000000	0.00440000000000000027	5215.04380495923760	1.00219758532137249
84	0.999999999992183031	-3.13048198474774608e-14	0.00000000000000000	1.61187035940812962e-13	1.00219758531351277	0.00000000000000000	0.00440000000000000027	5277.87565803099005	1.00219758532134762
85	0.999999999992105870	-3.09791255148628153e-14	0.00000000000000000	3.40934745712839771e-13	1.00219758531347081	0.00000000000000000	0.00440000000000000027	5340.70751110279798	1.00219758532138337
86	0.999999999992224886	-3.11105308181680584e-14	0.00000000000000000	4.12347131266421751e-13	1.00219758531329317	0.00000000000000000	0.00440000000000000027	5403.53936417459317	1.00219758532108605
87	0.999999999992339017	-3.13108913796433797e-14	0.00000000000000000	3.63715134399367201e-13	1.00219758531311220	0.00000000000000000	0.00440000000000000027	5466.37121724633289	1.00219758532079206
88	0.999999999992410737	-3.08563938289374562e-14	0.00000000000000000	1.17188810738744209e-13	1.00219758531298830	0.00000000000000000	0.00440000000000000027	5529.20307031813354	1.00219758532059466
89	0.999999999992314481	-3.10515502199848470e-14	0.00000000000000000	-1.31168513550772303e-13	1.00219758531306113	0.00000000000000000	0.00440000000000000027	5592.03492338992146	1.00219758532076297
90	0.999999999992055355	-3.14811111207236038e-14	0.00000000000000000	-3.20603786574391592e-13	1.00219758531327829	0.00000000000000000	0.00440000000000000027	5654.86677646173939	1.00219758532124015
91	0.999999999991727617	-3.13664025308746375e-14	0.00000000000000000	-3.32821444015696244e-13	1.00219758531355585	0.00000000000000000	0.00440000000000000027	5717.69862953353277	1.00219758532184544
92	0.999999999991318833	-3.08568275098064504e-14	0.00000000000000000	-2.16921532819602803e-13	1.00219758531391911	0.00000000000000000	0.00440000000000000027	5780.53048260533888	1.00219758532261904
93	0.999999999991093347	-3.09609109183650588e-14	0.00000000000000000	1.05611266260074999e-13	1.00219758531407854	0.00000000000000000	0.00440000000000000027	5843.36233567710406	1.00219758532300518
94	0.999999999990986543	-3.12701253779579247e-14	0.00000000000000000	3.69523855958675540e-13	1.00219758531401948	0.00000000000000000	0.00440000000000000027	5906.19418874886105	1.00219758532305470
95	0.999999999991177835	-3.10320345808801079e-14	0.00000000000000000	4.51313465765768029e-13	1.00219758531378722	0.00000000000000000	0.00440000000000000027	5969.02604182065897	1.00219758532263015
96	0.999999999991231459	-3.08730905423937330e-14	0.00000000000000000	3.18269065616161306e-13	1.00219758531363090	0.00000000000000000	0.00440000000000000027	6031.85789489243780	1.00219758532241920
97	0.999999999991309174	-3.13605478391432158e-14	0.00000000000000000	5.57412189322592511e-14	1.00219758531353187	0.00000000000000000	0.00440000000000000027	6094.68974796420844	1.00219758532224179
98	0.999999999991132316	-3.14834963655030720e-14	0.00000000000000000	-2.31387825566642391e-13	1.00219758531364378	0.00000000000000000	0.00440000000000000027	6157.52160103596270	1.00219758532253045
99	0.999999999990746513	-3.10925330621047991e-14	0.00000000000000000	-4.21058804142560028e-13	1.00219758531400194	0.00000000000000000	0.00440000000000000027	6220.35345410775244	1.00219758532327519
100	0.999999999990271227	-3.10263967295831833e-14	0.00000000000000000	-3.28840470478763969e-13	1.00219758531444558	0.00000000000000000	0.00440000000000000027	6283.18530717962130	1.00219758532419512
